Offering,Service,Week,Date,Availability
ADVANCED,DATA,1,2025-01-03,100.0
ADVANCED,DATA,2,2025-01-10,100.0
ADVANCED,DATA,3,2025-01-17,100.0
ADVANCED,DATA,4,2025-01-24,100.0
ADVANCED,DATA,5,2025-01-31,100.0
ADVANCED,DATA,6,2025-02-07,100.0
ADVANCED,DATA,7,2025-02-14,100.0
ADVANCED,DATA,8,2025-02-21,100.0
ADVANCED,DATA,9,2025-02-28,100.0
ADVANCED,DATA,10,2025-03-07,100.0
ADVANCED,DATA,11,2025-03-14,100.0
ADVANCED,DATA,12,2025-03-21,100.0
ADVANCED,DATA,13,2025-03-28,100.0
ADVANCED,DATA,14,2025-04-04,100.0
ADVANCED,DATA,15,2025-04-11,100.0
ADVANCED,DATA,16,2025-04-18,100.0
ADVANCED,DATA,17,2025-04-25,100.0
ADVANCED,DATA,18,2025-05-02,100.0
ADVANCED,DATA,19,2025-05-09,100.0
ADVANCED,DATA,20,2025-05-16,100.0
ADVANCED,DATA,21,2025-05-23,100.0
ADVANCED,DATA,22,2025-05-30,100.0
ADVANCED,DATA,23,2025-06-06,100.0
ADVANCED,DATA,24,2025-06-13,100.0
ADVANCED,DATA,25,2025-06-20,100.0
ADVANCED,DATA,26,2025-06-27,100.0
ADVANCED,DATA,27,2025-07-04,97.95
ADVANCED,DATA,28,2025-07-11,100.0
ADVANCED,DATA,29,2025-07-18,100.0
ADVANCED,DATA,30,2025-07-25,100.0
ADVANCED,DATA,31,2025-08-01,100.0
ADVANCED,DATA,32,2025-08-08,100.0
ADVANCED,DATA,33,2025-08-15,100.0
ADVANCED,DATA,34,2025-08-22,100.0
ADVANCED,DATA,35,2025-08-29,100.0
ADVANCED,DATA,36,2025-09-05,100.0
ADVANCED,DATA,37,2025-09-12,100.0
ADVANCED,DATA,38,2025-09-19,100.0
ADVANCED,DATA,39,2025-09-26,100.0
ADVANCED,DATA,40,2025-10-03,100.0
ADVANCED,DATA,41,2025-10-10,100.0
ADVANCED,DATA,42,2025-10-17,100.0
ADVANCED,DATA,43,2025-10-24,100.0
ADVANCED,DATA,44,2025-10-31,100.0
ADVANCED,DATA,45,2025-11-07,100.0
ADVANCED,DATA,46,2025-11-14,100.0
ADVANCED,DATA,47,2025-11-21,100.0
ADVANCED,DATA,48,2025-11-28,100.0
ADVANCED,DATA,49,2025-12-05,100.0
ADVANCED,DATA,50,2025-12-12,100.0
ADVANCED,DATA,51,2025-12-19,100.0
ADVANCED,DATA,52,2025-12-26,100.0
ADVANCED,DATA,1,2026-01-02,100.0
ADVANCED,DATA,2,2026-01-09,100.0
ADVANCED,DATA,3,2026-01-16,100.0
ADVANCED,DATA,4,2026-01-23,100.0
ADVANCED,DATA,5,2026-01-30,100.0
ADVANCED,DATA,6,2026-02-06,100.0
ADVANCED,DATA,7,2026-02-13,100.0
ADVANCED,SMS,1,2025-01-03,100.0
ADVANCED,SMS,2,2025-01-10,100.0
ADVANCED,SMS,3,2025-01-17,100.0
ADVANCED,SMS,4,2025-01-24,100.0
ADVANCED,SMS,5,2025-01-31,100.0
ADVANCED,SMS,6,2025-02-07,100.0
ADVANCED,SMS,7,2025-02-14,100.0
ADVANCED,SMS,8,2025-02-21,100.0
ADVANCED,SMS,9,2025-02-28,100.0
ADVANCED,SMS,10,2025-03-07,100.0
ADVANCED,SMS,11,2025-03-14,100.0
ADVANCED,SMS,12,2025-03-21,100.0
ADVANCED,SMS,13,2025-03-28,100.0
ADVANCED,SMS,14,2025-04-04,100.0
ADVANCED,SMS,15,2025-04-11,100.0
ADVANCED,SMS,16,2025-04-18,100.0
ADVANCED,SMS,17,2025-04-25,100.0
ADVANCED,SMS,18,2025-05-02,100.0
ADVANCED,SMS,19,2025-05-09,100.0
ADVANCED,SMS,20,2025-05-16,100.0
ADVANCED,SMS,21,2025-05-23,100.0
ADVANCED,SMS,22,2025-05-30,100.0
ADVANCED,SMS,23,2025-06-06,100.0
ADVANCED,SMS,24,2025-06-13,100.0
ADVANCED,SMS,25,2025-06-20,100.0
ADVANCED,SMS,26,2025-06-27,100.0
ADVANCED,SMS,27,2025-07-04,97.95
ADVANCED,SMS,28,2025-07-11,100.0
ADVANCED,SMS,29,2025-07-18,100.0
ADVANCED,SMS,30,2025-07-25,100.0
ADVANCED,SMS,31,2025-08-01,100.0
ADVANCED,SMS,32,2025-08-08,100.0
ADVANCED,SMS,33,2025-08-15,100.0
ADVANCED,SMS,34,2025-08-22,100.0
ADVANCED,SMS,35,2025-08-29,100.0
ADVANCED,SMS,36,2025-09-05,100.0
ADVANCED,SMS,37,2025-09-12,100.0
ADVANCED,SMS,38,2025-09-19,100.0
ADVANCED,SMS,39,2025-09-26,100.0
ADVANCED,SMS,40,2025-10-03,100.0
ADVANCED,SMS,41,2025-10-10,100.0
ADVANCED,SMS,42,2025-10-17,100.0
ADVANCED,SMS,43,2025-10-24,100.0
ADVANCED,SMS,44,2025-10-31,100.0
ADVANCED,SMS,45,2025-11-07,100.0
ADVANCED,SMS,46,2025-11-14,100.0
ADVANCED,SMS,47,2025-11-21,100.0
ADVANCED,SMS,48,2025-11-28,100.0
ADVANCED,SMS,49,2025-12-05,100.0
ADVANCED,SMS,50,2025-12-12,100.0
ADVANCED,SMS,51,2025-12-19,100.0
ADVANCED,SMS,52,2025-12-26,100.0
ADVANCED,SMS,1,2026-01-02,100.0
ADVANCED,SMS,2,2026-01-09,100.0
ADVANCED,SMS,3,2026-01-16,100.0
ADVANCED,SMS,4,2026-01-23,100.0
ADVANCED,SMS,5,2026-01-30,100.0
ADVANCED,SMS,6,2026-02-06,100.0
ADVANCED,SMS,7,2026-02-13,100.0
ADVANCED,VOICE,1,2025-01-03,100.0
ADVANCED,VOICE,2,2025-01-10,100.0
ADVANCED,VOICE,3,2025-01-17,100.0
ADVANCED,VOICE,4,2025-01-24,100.0
ADVANCED,VOICE,5,2025-01-31,100.0
ADVANCED,VOICE,6,2025-02-07,100.0
ADVANCED,VOICE,7,2025-02-14,100.0
ADVANCED,VOICE,8,2025-02-21,100.0
ADVANCED,VOICE,9,2025-02-28,100.0
ADVANCED,VOICE,10,2025-03-07,100.0
ADVANCED,VOICE,11,2025-03-14,100.0
ADVANCED,VOICE,12,2025-03-21,100.0
ADVANCED,VOICE,13,2025-03-28,100.0
ADVANCED,VOICE,14,2025-04-04,100.0
ADVANCED,VOICE,15,2025-04-11,100.0
ADVANCED,VOICE,16,2025-04-18,100.0
ADVANCED,VOICE,17,2025-04-25,100.0
ADVANCED,VOICE,18,2025-05-02,100.0
ADVANCED,VOICE,19,2025-05-09,100.0
ADVANCED,VOICE,20,2025-05-16,100.0
ADVANCED,VOICE,21,2025-05-23,100.0
ADVANCED,VOICE,22,2025-05-30,100.0
ADVANCED,VOICE,23,2025-06-06,100.0
ADVANCED,VOICE,24,2025-06-13,100.0
ADVANCED,VOICE,25,2025-06-20,100.0
ADVANCED,VOICE,26,2025-06-27,100.0
ADVANCED,VOICE,27,2025-07-04,97.95
ADVANCED,VOICE,28,2025-07-11,100.0
ADVANCED,VOICE,29,2025-07-18,100.0
ADVANCED,VOICE,30,2025-07-25,100.0
ADVANCED,VOICE,31,2025-08-01,100.0
ADVANCED,VOICE,32,2025-08-08,100.0
ADVANCED,VOICE,33,2025-08-15,100.0
ADVANCED,VOICE,34,2025-08-22,100.0
ADVANCED,VOICE,35,2025-08-29,100.0
ADVANCED,VOICE,36,2025-09-05,100.0
ADVANCED,VOICE,37,2025-09-12,100.0
ADVANCED,VOICE,38,2025-09-19,100.0
ADVANCED,VOICE,39,2025-09-26,100.0
ADVANCED,VOICE,40,2025-10-03,100.0
ADVANCED,VOICE,41,2025-10-10,100.0
ADVANCED,VOICE,42,2025-10-17,100.0
ADVANCED,VOICE,43,2025-10-24,100.0
ADVANCED,VOICE,44,2025-10-31,100.0
ADVANCED,VOICE,45,2025-11-07,100.0
ADVANCED,VOICE,46,2025-11-14,100.0
ADVANCED,VOICE,47,2025-11-21,100.0
ADVANCED,VOICE,48,2025-11-28,100.0
ADVANCED,VOICE,49,2025-12-05,100.0
ADVANCED,VOICE,50,2025-12-12,100.0
ADVANCED,VOICE,51,2025-12-19,100.0
ADVANCED,VOICE,52,2025-12-26,100.0
ADVANCED,VOICE,1,2026-01-02,100.0
ADVANCED,VOICE,2,2026-01-09,100.0
ADVANCED,VOICE,3,2026-01-16,100.0
ADVANCED,VOICE,4,2026-01-23,100.0
ADVANCED,VOICE,5,2026-01-30,100.0
ADVANCED,VOICE,6,2026-02-06,100.0
ADVANCED,VOICE,7,2026-02-13,100.0
ESSENTIALS1,DATA,1,2025-01-03,100.0
ESSENTIALS1,DATA,2,2025-01-10,100.0
ESSENTIALS1,DATA,3,2025-01-17,100.0
ESSENTIALS1,DATA,4,2025-01-24,100.0
ESSENTIALS1,DATA,5,2025-01-31,100.0
ESSENTIALS1,DATA,6,2025-02-07,100.0
ESSENTIALS1,DATA,7,2025-02-14,100.0
ESSENTIALS1,DATA,8,2025-02-21,100.0
ESSENTIALS1,DATA,9,2025-02-28,100.0
ESSENTIALS1,DATA,10,2025-03-07,100.0
ESSENTIALS1,DATA,11,2025-03-14,100.0
ESSENTIALS1,DATA,12,2025-03-21,100.0
ESSENTIALS1,DATA,13,2025-03-28,100.0
ESSENTIALS1,DATA,14,2025-04-04,100.0
ESSENTIALS1,DATA,15,2025-04-11,100.0
ESSENTIALS1,DATA,16,2025-04-18,100.0
ESSENTIALS1,DATA,17,2025-04-25,100.0
ESSENTIALS1,DATA,18,2025-05-02,100.0
ESSENTIALS1,DATA,19,2025-05-09,100.0
ESSENTIALS1,DATA,20,2025-05-16,100.0
ESSENTIALS1,DATA,21,2025-05-23,100.0
ESSENTIALS1,DATA,22,2025-05-30,100.0
ESSENTIALS1,DATA,23,2025-06-06,100.0
ESSENTIALS1,DATA,24,2025-06-13,97.04
ESSENTIALS1,DATA,25,2025-06-20,100.0
ESSENTIALS1,DATA,26,2025-06-27,100.0
ESSENTIALS1,DATA,27,2025-07-04,97.95
ESSENTIALS1,DATA,28,2025-07-11,100.0
ESSENTIALS1,DATA,29,2025-07-18,100.0
ESSENTIALS1,DATA,30,2025-07-25,100.0
ESSENTIALS1,DATA,31,2025-08-01,100.0
ESSENTIALS1,DATA,32,2025-08-08,100.0
ESSENTIALS1,DATA,33,2025-08-15,100.0
ESSENTIALS1,DATA,34,2025-08-22,100.0
ESSENTIALS1,DATA,35,2025-08-29,100.0
ESSENTIALS1,DATA,36,2025-09-05,100.0
ESSENTIALS1,DATA,37,2025-09-12,100.0
ESSENTIALS1,DATA,38,2025-09-19,100.0
ESSENTIALS1,DATA,39,2025-09-26,100.0
ESSENTIALS1,DATA,40,2025-10-03,100.0
ESSENTIALS1,DATA,41,2025-10-10,100.0
ESSENTIALS1,DATA,42,2025-10-17,100.0
ESSENTIALS1,DATA,43,2025-10-24,100.0
ESSENTIALS1,DATA,44,2025-10-31,100.0
ESSENTIALS1,DATA,45,2025-11-07,100.0
ESSENTIALS1,DATA,46,2025-11-14,100.0
ESSENTIALS1,DATA,47,2025-11-21,100.0
ESSENTIALS1,DATA,48,2025-11-28,100.0
ESSENTIALS1,DATA,49,2025-12-05,100.0
ESSENTIALS1,DATA,50,2025-12-12,100.0
ESSENTIALS1,DATA,51,2025-12-19,100.0
ESSENTIALS1,DATA,52,2025-12-26,100.0
ESSENTIALS1,DATA,1,2026-01-02,100.0
ESSENTIALS1,DATA,2,2026-01-09,100.0
ESSENTIALS1,DATA,3,2026-01-16,100.0
ESSENTIALS1,DATA,4,2026-01-23,100.0
ESSENTIALS1,DATA,5,2026-01-30,100.0
ESSENTIALS1,DATA,6,2026-02-06,100.0
ESSENTIALS1,DATA,7,2026-02-13,100.0
ESSENTIALS1,SMS,1,2025-01-03,100.0
ESSENTIALS1,SMS,2,2025-01-10,100.0
ESSENTIALS1,SMS,3,2025-01-17,100.0
ESSENTIALS1,SMS,4,2025-01-24,100.0
ESSENTIALS1,SMS,5,2025-01-31,100.0
ESSENTIALS1,SMS,6,2025-02-07,100.0
ESSENTIALS1,SMS,7,2025-02-14,100.0
ESSENTIALS1,SMS,8,2025-02-21,100.0
ESSENTIALS1,SMS,9,2025-02-28,100.0
ESSENTIALS1,SMS,10,2025-03-07,100.0
ESSENTIALS1,SMS,11,2025-03-14,100.0
ESSENTIALS1,SMS,12,2025-03-21,100.0
ESSENTIALS1,SMS,13,2025-03-28,100.0
ESSENTIALS1,SMS,14,2025-04-04,100.0
ESSENTIALS1,SMS,15,2025-04-11,100.0
ESSENTIALS1,SMS,16,2025-04-18,100.0
ESSENTIALS1,SMS,17,2025-04-25,100.0
ESSENTIALS1,SMS,18,2025-05-02,100.0
ESSENTIALS1,SMS,19,2025-05-09,100.0
ESSENTIALS1,SMS,20,2025-05-16,100.0
ESSENTIALS1,SMS,21,2025-05-23,100.0
ESSENTIALS1,SMS,22,2025-05-30,100.0
ESSENTIALS1,SMS,23,2025-06-06,100.0
ESSENTIALS1,SMS,24,2025-06-13,97.04
ESSENTIALS1,SMS,25,2025-06-20,100.0
ESSENTIALS1,SMS,26,2025-06-27,100.0
ESSENTIALS1,SMS,27,2025-07-04,97.95
ESSENTIALS1,SMS,28,2025-07-11,100.0
ESSENTIALS1,SMS,29,2025-07-18,100.0
ESSENTIALS1,SMS,30,2025-07-25,100.0
ESSENTIALS1,SMS,31,2025-08-01,100.0
ESSENTIALS1,SMS,32,2025-08-08,100.0
ESSENTIALS1,SMS,33,2025-08-15,100.0
ESSENTIALS1,SMS,34,2025-08-22,100.0
ESSENTIALS1,SMS,35,2025-08-29,100.0
ESSENTIALS1,SMS,36,2025-09-05,100.0
ESSENTIALS1,SMS,37,2025-09-12,100.0
ESSENTIALS1,SMS,38,2025-09-19,100.0
ESSENTIALS1,SMS,39,2025-09-26,100.0
ESSENTIALS1,SMS,40,2025-10-03,100.0
ESSENTIALS1,SMS,41,2025-10-10,100.0
ESSENTIALS1,SMS,42,2025-10-17,100.0
ESSENTIALS1,SMS,43,2025-10-24,100.0
ESSENTIALS1,SMS,44,2025-10-31,100.0
ESSENTIALS1,SMS,45,2025-11-07,100.0
ESSENTIALS1,SMS,46,2025-11-14,100.0
ESSENTIALS1,SMS,47,2025-11-21,100.0
ESSENTIALS1,SMS,48,2025-11-28,100.0
ESSENTIALS1,SMS,49,2025-12-05,100.0
ESSENTIALS1,SMS,50,2025-12-12,100.0
ESSENTIALS1,SMS,51,2025-12-19,100.0
ESSENTIALS1,SMS,52,2025-12-26,100.0
ESSENTIALS1,SMS,1,2026-01-02,100.0
ESSENTIALS1,SMS,2,2026-01-09,100.0
ESSENTIALS1,SMS,3,2026-01-16,100.0
ESSENTIALS1,SMS,4,2026-01-23,100.0
ESSENTIALS1,SMS,5,2026-01-30,100.0
ESSENTIALS1,SMS,6,2026-02-06,100.0
ESSENTIALS1,SMS,7,2026-02-13,100.0
ESSENTIALS1,VOICE,1,2025-01-03,100.0
ESSENTIALS1,VOICE,2,2025-01-10,100.0
ESSENTIALS1,VOICE,3,2025-01-17,100.0
ESSENTIALS1,VOICE,4,2025-01-24,100.0
ESSENTIALS1,VOICE,5,2025-01-31,100.0
ESSENTIALS1,VOICE,6,2025-02-07,100.0
ESSENTIALS1,VOICE,7,2025-02-14,100.0
ESSENTIALS1,VOICE,8,2025-02-21,100.0
ESSENTIALS1,VOICE,9,2025-02-28,100.0
ESSENTIALS1,VOICE,10,2025-03-07,100.0
ESSENTIALS1,VOICE,11,2025-03-14,100.0
ESSENTIALS1,VOICE,12,2025-03-21,100.0
ESSENTIALS1,VOICE,13,2025-03-28,100.0
ESSENTIALS1,VOICE,14,2025-04-04,100.0
ESSENTIALS1,VOICE,15,2025-04-11,100.0
ESSENTIALS1,VOICE,16,2025-04-18,100.0
ESSENTIALS1,VOICE,17,2025-04-25,100.0
ESSENTIALS1,VOICE,18,2025-05-02,100.0
ESSENTIALS1,VOICE,19,2025-05-09,100.0
ESSENTIALS1,VOICE,20,2025-05-16,100.0
ESSENTIALS1,VOICE,21,2025-05-23,100.0
ESSENTIALS1,VOICE,22,2025-05-30,100.0
ESSENTIALS1,VOICE,23,2025-06-06,100.0
ESSENTIALS1,VOICE,24,2025-06-13,97.04
ESSENTIALS1,VOICE,25,2025-06-20,100.0
ESSENTIALS1,VOICE,26,2025-06-27,100.0
ESSENTIALS1,VOICE,27,2025-07-04,97.95
ESSENTIALS1,VOICE,28,2025-07-11,100.0
ESSENTIALS1,VOICE,29,2025-07-18,100.0
ESSENTIALS1,VOICE,30,2025-07-25,100.0
ESSENTIALS1,VOICE,31,2025-08-01,100.0
ESSENTIALS1,VOICE,32,2025-08-08,100.0
ESSENTIALS1,VOICE,33,2025-08-15,100.0
ESSENTIALS1,VOICE,34,2025-08-22,100.0
ESSENTIALS1,VOICE,35,2025-08-29,100.0
ESSENTIALS1,VOICE,36,2025-09-05,100.0
ESSENTIALS1,VOICE,37,2025-09-12,100.0
ESSENTIALS1,VOICE,38,2025-09-19,100.0
ESSENTIALS1,VOICE,39,2025-09-26,100.0
ESSENTIALS1,VOICE,40,2025-10-03,100.0
ESSENTIALS1,VOICE,41,2025-10-10,100.0
ESSENTIALS1,VOICE,42,2025-10-17,100.0
ESSENTIALS1,VOICE,43,2025-10-24,100.0
ESSENTIALS1,VOICE,44,2025-10-31,100.0
ESSENTIALS1,VOICE,45,2025-11-07,100.0
ESSENTIALS1,VOICE,46,2025-11-14,100.0
ESSENTIALS1,VOICE,47,2025-11-21,100.0
ESSENTIALS1,VOICE,48,2025-11-28,100.0
ESSENTIALS1,VOICE,49,2025-12-05,100.0
ESSENTIALS1,VOICE,50,2025-12-12,100.0
ESSENTIALS1,VOICE,51,2025-12-19,100.0
ESSENTIALS1,VOICE,52,2025-12-26,100.0
ESSENTIALS1,VOICE,1,2026-01-02,100.0
ESSENTIALS1,VOICE,2,2026-01-09,100.0
ESSENTIALS1,VOICE,3,2026-01-16,100.0
ESSENTIALS1,VOICE,4,2026-01-23,100.0
ESSENTIALS1,VOICE,5,2026-01-30,100.0
ESSENTIALS1,VOICE,6,2026-02-06,100.0
ESSENTIALS1,VOICE,7,2026-02-13,100.0
ESSENTIALS2,DATA,1,2025-01-03,100.0
ESSENTIALS2,DATA,2,2025-01-10,100.0
ESSENTIALS2,DATA,3,2025-01-17,100.0
ESSENTIALS2,DATA,4,2025-01-24,100.0
ESSENTIALS2,DATA,5,2025-01-31,100.0
ESSENTIALS2,DATA,6,2025-02-07,100.0
ESSENTIALS2,DATA,7,2025-02-14,100.0
ESSENTIALS2,DATA,8,2025-02-21,100.0
ESSENTIALS2,DATA,9,2025-02-28,100.0
ESSENTIALS2,DATA,10,2025-03-07,100.0
ESSENTIALS2,DATA,11,2025-03-14,100.0
ESSENTIALS2,DATA,12,2025-03-21,100.0
ESSENTIALS2,DATA,13,2025-03-28,100.0
ESSENTIALS2,DATA,14,2025-04-04,100.0
ESSENTIALS2,DATA,15,2025-04-11,100.0
ESSENTIALS2,DATA,16,2025-04-18,100.0
ESSENTIALS2,DATA,17,2025-04-25,100.0
ESSENTIALS2,DATA,18,2025-05-02,100.0
ESSENTIALS2,DATA,19,2025-05-09,100.0
ESSENTIALS2,DATA,20,2025-05-16,100.0
ESSENTIALS2,DATA,21,2025-05-23,100.0
ESSENTIALS2,DATA,22,2025-05-30,100.0
ESSENTIALS2,DATA,23,2025-06-06,100.0
ESSENTIALS2,DATA,24,2025-06-13,100.0
ESSENTIALS2,DATA,25,2025-06-20,100.0
ESSENTIALS2,DATA,26,2025-06-27,100.0
ESSENTIALS2,DATA,27,2025-07-04,97.95
ESSENTIALS2,DATA,28,2025-07-11,100.0
ESSENTIALS2,DATA,29,2025-07-18,100.0
ESSENTIALS2,DATA,30,2025-07-25,100.0
ESSENTIALS2,DATA,31,2025-08-01,100.0
ESSENTIALS2,DATA,32,2025-08-08,100.0
ESSENTIALS2,DATA,33,2025-08-15,100.0
ESSENTIALS2,DATA,34,2025-08-22,100.0
ESSENTIALS2,DATA,35,2025-08-29,100.0
ESSENTIALS2,DATA,36,2025-09-05,100.0
ESSENTIALS2,DATA,37,2025-09-12,100.0
ESSENTIALS2,DATA,38,2025-09-19,100.0
ESSENTIALS2,DATA,39,2025-09-26,100.0
ESSENTIALS2,DATA,40,2025-10-03,100.0
ESSENTIALS2,DATA,41,2025-10-10,100.0
ESSENTIALS2,DATA,42,2025-10-17,100.0
ESSENTIALS2,DATA,43,2025-10-24,100.0
ESSENTIALS2,DATA,44,2025-10-31,100.0
ESSENTIALS2,DATA,45,2025-11-07,100.0
ESSENTIALS2,DATA,46,2025-11-14,100.0
ESSENTIALS2,DATA,47,2025-11-21,100.0
ESSENTIALS2,DATA,48,2025-11-28,100.0
ESSENTIALS2,DATA,49,2025-12-05,100.0
ESSENTIALS2,DATA,50,2025-12-12,100.0
ESSENTIALS2,DATA,51,2025-12-19,100.0
ESSENTIALS2,DATA,52,2025-12-26,100.0
ESSENTIALS2,DATA,1,2026-01-02,100.0
ESSENTIALS2,DATA,2,2026-01-09,100.0
ESSENTIALS2,DATA,3,2026-01-16,100.0
ESSENTIALS2,DATA,4,2026-01-23,100.0
ESSENTIALS2,DATA,5,2026-01-30,100.0
ESSENTIALS2,DATA,6,2026-02-06,100.0
ESSENTIALS2,DATA,7,2026-02-13,100.0
ESSENTIALS2,SMS,1,2025-01-03,100.0
ESSENTIALS2,SMS,2,2025-01-10,100.0
ESSENTIALS2,SMS,3,2025-01-17,100.0
ESSENTIALS2,SMS,4,2025-01-24,100.0
ESSENTIALS2,SMS,5,2025-01-31,100.0
ESSENTIALS2,SMS,6,2025-02-07,100.0
ESSENTIALS2,SMS,7,2025-02-14,100.0
ESSENTIALS2,SMS,8,2025-02-21,100.0
ESSENTIALS2,SMS,9,2025-02-28,100.0
ESSENTIALS2,SMS,10,2025-03-07,100.0
ESSENTIALS2,SMS,11,2025-03-14,100.0
ESSENTIALS2,SMS,12,2025-03-21,100.0
ESSENTIALS2,SMS,13,2025-03-28,100.0
ESSENTIALS2,SMS,14,2025-04-04,100.0
ESSENTIALS2,SMS,15,2025-04-11,100.0
ESSENTIALS2,SMS,16,2025-04-18,100.0
ESSENTIALS2,SMS,17,2025-04-25,100.0
ESSENTIALS2,SMS,18,2025-05-02,100.0
ESSENTIALS2,SMS,19,2025-05-09,100.0
ESSENTIALS2,SMS,20,2025-05-16,100.0
ESSENTIALS2,SMS,21,2025-05-23,100.0
ESSENTIALS2,SMS,22,2025-05-30,100.0
ESSENTIALS2,SMS,23,2025-06-06,100.0
ESSENTIALS2,SMS,24,2025-06-13,100.0
ESSENTIALS2,SMS,25,2025-06-20,100.0
ESSENTIALS2,SMS,26,2025-06-27,100.0
ESSENTIALS2,SMS,27,2025-07-04,97.95
ESSENTIALS2,SMS,28,2025-07-11,100.0
ESSENTIALS2,SMS,29,2025-07-18,100.0
ESSENTIALS2,SMS,30,2025-07-25,100.0
ESSENTIALS2,SMS,31,2025-08-01,100.0
ESSENTIALS2,SMS,32,2025-08-08,100.0
ESSENTIALS2,SMS,33,2025-08-15,100.0
ESSENTIALS2,SMS,34,2025-08-22,100.0
ESSENTIALS2,SMS,35,2025-08-29,100.0
ESSENTIALS2,SMS,36,2025-09-05,100.0
ESSENTIALS2,SMS,37,2025-09-12,100.0
ESSENTIALS2,SMS,38,2025-09-19,100.0
ESSENTIALS2,SMS,39,2025-09-26,100.0
ESSENTIALS2,SMS,40,2025-10-03,100.0
ESSENTIALS2,SMS,41,2025-10-10,100.0
ESSENTIALS2,SMS,42,2025-10-17,100.0
ESSENTIALS2,SMS,43,2025-10-24,100.0
ESSENTIALS2,SMS,44,2025-10-31,100.0
ESSENTIALS2,SMS,45,2025-11-07,100.0
ESSENTIALS2,SMS,46,2025-11-14,100.0
ESSENTIALS2,SMS,47,2025-11-21,100.0
ESSENTIALS2,SMS,48,2025-11-28,100.0
ESSENTIALS2,SMS,49,2025-12-05,100.0
ESSENTIALS2,SMS,50,2025-12-12,100.0
ESSENTIALS2,SMS,51,2025-12-19,100.0
ESSENTIALS2,SMS,52,2025-12-26,100.0
ESSENTIALS2,SMS,1,2026-01-02,100.0
ESSENTIALS2,SMS,2,2026-01-09,100.0
ESSENTIALS2,SMS,3,2026-01-16,100.0
ESSENTIALS2,SMS,4,2026-01-23,100.0
ESSENTIALS2,SMS,5,2026-01-30,100.0
ESSENTIALS2,SMS,6,2026-02-06,100.0
ESSENTIALS2,SMS,7,2026-02-13,100.0
ESSENTIALS2,VOICE,1,2025-01-03,100.0
ESSENTIALS2,VOICE,2,2025-01-10,100.0
ESSENTIALS2,VOICE,3,2025-01-17,100.0
ESSENTIALS2,VOICE,4,2025-01-24,100.0
ESSENTIALS2,VOICE,5,2025-01-31,100.0
ESSENTIALS2,VOICE,6,2025-02-07,100.0
ESSENTIALS2,VOICE,7,2025-02-14,100.0
ESSENTIALS2,VOICE,8,2025-02-21,100.0
ESSENTIALS2,VOICE,9,2025-02-28,100.0
ESSENTIALS2,VOICE,10,2025-03-07,100.0
ESSENTIALS2,VOICE,11,2025-03-14,100.0
ESSENTIALS2,VOICE,12,2025-03-21,100.0
ESSENTIALS2,VOICE,13,2025-03-28,100.0
ESSENTIALS2,VOICE,14,2025-04-04,100.0
ESSENTIALS2,VOICE,15,2025-04-11,100.0
ESSENTIALS2,VOICE,16,2025-04-18,100.0
ESSENTIALS2,VOICE,17,2025-04-25,100.0
ESSENTIALS2,VOICE,18,2025-05-02,100.0
ESSENTIALS2,VOICE,19,2025-05-09,100.0
ESSENTIALS2,VOICE,20,2025-05-16,100.0
ESSENTIALS2,VOICE,21,2025-05-23,100.0
ESSENTIALS2,VOICE,22,2025-05-30,100.0
ESSENTIALS2,VOICE,23,2025-06-06,100.0
ESSENTIALS2,VOICE,24,2025-06-13,100.0
ESSENTIALS2,VOICE,25,2025-06-20,100.0
ESSENTIALS2,VOICE,26,2025-06-27,100.0
ESSENTIALS2,VOICE,27,2025-07-04,97.95
ESSENTIALS2,VOICE,28,2025-07-11,100.0
ESSENTIALS2,VOICE,29,2025-07-18,100.0
ESSENTIALS2,VOICE,30,2025-07-25,100.0
ESSENTIALS2,VOICE,31,2025-08-01,100.0
ESSENTIALS2,VOICE,32,2025-08-08,100.0
ESSENTIALS2,VOICE,33,2025-08-15,100.0
ESSENTIALS2,VOICE,34,2025-08-22,100.0
ESSENTIALS2,VOICE,35,2025-08-29,100.0
ESSENTIALS2,VOICE,36,2025-09-05,100.0
ESSENTIALS2,VOICE,37,2025-09-12,100.0
ESSENTIALS2,VOICE,38,2025-09-19,100.0
ESSENTIALS2,VOICE,39,2025-09-26,100.0
ESSENTIALS2,VOICE,40,2025-10-03,100.0
ESSENTIALS2,VOICE,41,2025-10-10,100.0
ESSENTIALS2,VOICE,42,2025-10-17,100.0
ESSENTIALS2,VOICE,43,2025-10-24,100.0
ESSENTIALS2,VOICE,44,2025-10-31,100.0
ESSENTIALS2,VOICE,45,2025-11-07,100.0
ESSENTIALS2,VOICE,46,2025-11-14,100.0
ESSENTIALS2,VOICE,47,2025-11-21,100.0
ESSENTIALS2,VOICE,48,2025-11-28,100.0
ESSENTIALS2,VOICE,49,2025-12-05,100.0
ESSENTIALS2,VOICE,50,2025-12-12,100.0
ESSENTIALS2,VOICE,51,2025-12-19,100.0
ESSENTIALS2,VOICE,52,2025-12-26,100.0
ESSENTIALS2,VOICE,1,2026-01-02,100.0
ESSENTIALS2,VOICE,2,2026-01-09,100.0
ESSENTIALS2,VOICE,3,2026-01-16,100.0
ESSENTIALS2,VOICE,4,2026-01-23,100.0
ESSENTIALS2,VOICE,5,2026-01-30,100.0
ESSENTIALS2,VOICE,6,2026-02-06,100.0
ESSENTIALS2,VOICE,7,2026-02-13,100.0
ESSENTIALS3,DATA,1,2025-01-03,100.0
ESSENTIALS3,DATA,2,2025-01-10,100.0
ESSENTIALS3,DATA,3,2025-01-17,100.0
ESSENTIALS3,DATA,4,2025-01-24,100.0
ESSENTIALS3,DATA,5,2025-01-31,100.0
ESSENTIALS3,DATA,6,2025-02-07,100.0
ESSENTIALS3,DATA,7,2025-02-14,100.0
ESSENTIALS3,DATA,8,2025-02-21,100.0
ESSENTIALS3,DATA,9,2025-02-28,100.0
ESSENTIALS3,DATA,10,2025-03-07,100.0
ESSENTIALS3,DATA,11,2025-03-14,100.0
ESSENTIALS3,DATA,12,2025-03-21,100.0
ESSENTIALS3,DATA,13,2025-03-28,100.0
ESSENTIALS3,DATA,14,2025-04-04,100.0
ESSENTIALS3,DATA,15,2025-04-11,100.0
ESSENTIALS3,DATA,16,2025-04-18,100.0
ESSENTIALS3,DATA,17,2025-04-25,100.0
ESSENTIALS3,DATA,18,2025-05-02,100.0
ESSENTIALS3,DATA,19,2025-05-09,100.0
ESSENTIALS3,DATA,20,2025-05-16,100.0
ESSENTIALS3,DATA,21,2025-05-23,100.0
ESSENTIALS3,DATA,22,2025-05-30,100.0
ESSENTIALS3,DATA,23,2025-06-06,100.0
ESSENTIALS3,DATA,24,2025-06-13,100.0
ESSENTIALS3,DATA,25,2025-06-20,100.0
ESSENTIALS3,DATA,26,2025-06-27,100.0
ESSENTIALS3,DATA,27,2025-07-04,97.95
ESSENTIALS3,DATA,28,2025-07-11,100.0
ESSENTIALS3,DATA,29,2025-07-18,100.0
ESSENTIALS3,DATA,30,2025-07-25,100.0
ESSENTIALS3,DATA,31,2025-08-01,100.0
ESSENTIALS3,DATA,32,2025-08-08,100.0
ESSENTIALS3,DATA,33,2025-08-15,100.0
ESSENTIALS3,DATA,34,2025-08-22,100.0
ESSENTIALS3,DATA,35,2025-08-29,100.0
ESSENTIALS3,DATA,36,2025-09-05,100.0
ESSENTIALS3,DATA,37,2025-09-12,100.0
ESSENTIALS3,DATA,38,2025-09-19,100.0
ESSENTIALS3,DATA,39,2025-09-26,100.0
ESSENTIALS3,DATA,40,2025-10-03,100.0
ESSENTIALS3,DATA,41,2025-10-10,100.0
ESSENTIALS3,DATA,42,2025-10-17,100.0
ESSENTIALS3,DATA,43,2025-10-24,100.0
ESSENTIALS3,DATA,44,2025-10-31,100.0
ESSENTIALS3,DATA,45,2025-11-07,100.0
ESSENTIALS3,DATA,46,2025-11-14,100.0
ESSENTIALS3,DATA,47,2025-11-21,100.0
ESSENTIALS3,DATA,48,2025-11-28,100.0
ESSENTIALS3,DATA,49,2025-12-05,100.0
ESSENTIALS3,DATA,50,2025-12-12,100.0
ESSENTIALS3,DATA,51,2025-12-19,100.0
ESSENTIALS3,DATA,52,2025-12-26,100.0
ESSENTIALS3,DATA,1,2026-01-02,100.0
ESSENTIALS3,DATA,2,2026-01-09,100.0
ESSENTIALS3,DATA,3,2026-01-16,100.0
ESSENTIALS3,DATA,4,2026-01-23,100.0
ESSENTIALS3,DATA,5,2026-01-30,100.0
ESSENTIALS3,DATA,6,2026-02-06,100.0
ESSENTIALS3,DATA,7,2026-02-13,100.0
ESSENTIALS3,SMS,1,2025-01-03,100.0
ESSENTIALS3,SMS,2,2025-01-10,100.0
ESSENTIALS3,SMS,3,2025-01-17,100.0
ESSENTIALS3,SMS,4,2025-01-24,100.0
ESSENTIALS3,SMS,5,2025-01-31,100.0
ESSENTIALS3,SMS,6,2025-02-07,100.0
ESSENTIALS3,SMS,7,2025-02-14,100.0
ESSENTIALS3,SMS,8,2025-02-21,100.0
ESSENTIALS3,SMS,9,2025-02-28,100.0
ESSENTIALS3,SMS,10,2025-03-07,100.0
ESSENTIALS3,SMS,11,2025-03-14,100.0
ESSENTIALS3,SMS,12,2025-03-21,100.0
ESSENTIALS3,SMS,13,2025-03-28,100.0
ESSENTIALS3,SMS,14,2025-04-04,100.0
ESSENTIALS3,SMS,15,2025-04-11,100.0
ESSENTIALS3,SMS,16,2025-04-18,100.0
ESSENTIALS3,SMS,17,2025-04-25,100.0
ESSENTIALS3,SMS,18,2025-05-02,100.0
ESSENTIALS3,SMS,19,2025-05-09,100.0
ESSENTIALS3,SMS,20,2025-05-16,100.0
ESSENTIALS3,SMS,21,2025-05-23,100.0
ESSENTIALS3,SMS,22,2025-05-30,100.0
ESSENTIALS3,SMS,23,2025-06-06,100.0
ESSENTIALS3,SMS,24,2025-06-13,100.0
ESSENTIALS3,SMS,25,2025-06-20,100.0
ESSENTIALS3,SMS,26,2025-06-27,100.0
ESSENTIALS3,SMS,27,2025-07-04,97.95
ESSENTIALS3,SMS,28,2025-07-11,100.0
ESSENTIALS3,SMS,29,2025-07-18,100.0
ESSENTIALS3,SMS,30,2025-07-25,100.0
ESSENTIALS3,SMS,31,2025-08-01,100.0
ESSENTIALS3,SMS,32,2025-08-08,100.0
ESSENTIALS3,SMS,33,2025-08-15,100.0
ESSENTIALS3,SMS,34,2025-08-22,100.0
ESSENTIALS3,SMS,35,2025-08-29,100.0
ESSENTIALS3,SMS,36,2025-09-05,100.0
ESSENTIALS3,SMS,37,2025-09-12,100.0
ESSENTIALS3,SMS,38,2025-09-19,100.0
ESSENTIALS3,SMS,39,2025-09-26,100.0
ESSENTIALS3,SMS,40,2025-10-03,100.0
ESSENTIALS3,SMS,41,2025-10-10,100.0
ESSENTIALS3,SMS,42,2025-10-17,100.0
ESSENTIALS3,SMS,43,2025-10-24,100.0
ESSENTIALS3,SMS,44,2025-10-31,100.0
ESSENTIALS3,SMS,45,2025-11-07,100.0
ESSENTIALS3,SMS,46,2025-11-14,100.0
ESSENTIALS3,SMS,47,2025-11-21,100.0
ESSENTIALS3,SMS,48,2025-11-28,100.0
ESSENTIALS3,SMS,49,2025-12-05,100.0
ESSENTIALS3,SMS,50,2025-12-12,100.0
ESSENTIALS3,SMS,51,2025-12-19,100.0
ESSENTIALS3,SMS,52,2025-12-26,100.0
ESSENTIALS3,SMS,1,2026-01-02,100.0
ESSENTIALS3,SMS,2,2026-01-09,100.0
ESSENTIALS3,SMS,3,2026-01-16,100.0
ESSENTIALS3,SMS,4,2026-01-23,100.0
ESSENTIALS3,SMS,5,2026-01-30,100.0
ESSENTIALS3,SMS,6,2026-02-06,100.0
ESSENTIALS3,SMS,7,2026-02-13,100.0
ESSENTIALS3,VOICE,1,2025-01-03,100.0
ESSENTIALS3,VOICE,2,2025-01-10,100.0
ESSENTIALS3,VOICE,3,2025-01-17,100.0
ESSENTIALS3,VOICE,4,2025-01-24,100.0
ESSENTIALS3,VOICE,5,2025-01-31,100.0
ESSENTIALS3,VOICE,6,2025-02-07,100.0
ESSENTIALS3,VOICE,7,2025-02-14,100.0
ESSENTIALS3,VOICE,8,2025-02-21,100.0
ESSENTIALS3,VOICE,9,2025-02-28,100.0
ESSENTIALS3,VOICE,10,2025-03-07,100.0
ESSENTIALS3,VOICE,11,2025-03-14,100.0
ESSENTIALS3,VOICE,12,2025-03-21,100.0
ESSENTIALS3,VOICE,13,2025-03-28,100.0
ESSENTIALS3,VOICE,14,2025-04-04,100.0
ESSENTIALS3,VOICE,15,2025-04-11,100.0
ESSENTIALS3,VOICE,16,2025-04-18,100.0
ESSENTIALS3,VOICE,17,2025-04-25,100.0
ESSENTIALS3,VOICE,18,2025-05-02,100.0
ESSENTIALS3,VOICE,19,2025-05-09,100.0
ESSENTIALS3,VOICE,20,2025-05-16,100.0
ESSENTIALS3,VOICE,21,2025-05-23,100.0
ESSENTIALS3,VOICE,22,2025-05-30,100.0
ESSENTIALS3,VOICE,23,2025-06-06,100.0
ESSENTIALS3,VOICE,24,2025-06-13,100.0
ESSENTIALS3,VOICE,25,2025-06-20,100.0
ESSENTIALS3,VOICE,26,2025-06-27,100.0
ESSENTIALS3,VOICE,27,2025-07-04,97.95
ESSENTIALS3,VOICE,28,2025-07-11,100.0
ESSENTIALS3,VOICE,29,2025-07-18,100.0
ESSENTIALS3,VOICE,30,2025-07-25,100.0
ESSENTIALS3,VOICE,31,2025-08-01,100.0
ESSENTIALS3,VOICE,32,2025-08-08,100.0
ESSENTIALS3,VOICE,33,2025-08-15,100.0
ESSENTIALS3,VOICE,34,2025-08-22,100.0
ESSENTIALS3,VOICE,35,2025-08-29,100.0
ESSENTIALS3,VOICE,36,2025-09-05,100.0
ESSENTIALS3,VOICE,37,2025-09-12,100.0
ESSENTIALS3,VOICE,38,2025-09-19,100.0
ESSENTIALS3,VOICE,39,2025-09-26,100.0
ESSENTIALS3,VOICE,40,2025-10-03,100.0
ESSENTIALS3,VOICE,41,2025-10-10,100.0
ESSENTIALS3,VOICE,42,2025-10-17,100.0
ESSENTIALS3,VOICE,43,2025-10-24,100.0
ESSENTIALS3,VOICE,44,2025-10-31,100.0
ESSENTIALS3,VOICE,45,2025-11-07,100.0
ESSENTIALS3,VOICE,46,2025-11-14,100.0
ESSENTIALS3,VOICE,47,2025-11-21,100.0
ESSENTIALS3,VOICE,48,2025-11-28,100.0
ESSENTIALS3,VOICE,49,2025-12-05,100.0
ESSENTIALS3,VOICE,50,2025-12-12,100.0
ESSENTIALS3,VOICE,51,2025-12-19,100.0
ESSENTIALS3,VOICE,52,2025-12-26,100.0
ESSENTIALS3,VOICE,1,2026-01-02,100.0
ESSENTIALS3,VOICE,2,2026-01-09,100.0
ESSENTIALS3,VOICE,3,2026-01-16,100.0
ESSENTIALS3,VOICE,4,2026-01-23,100.0
ESSENTIALS3,VOICE,5,2026-01-30,100.0
ESSENTIALS3,VOICE,6,2026-02-06,100.0
ESSENTIALS3,VOICE,7,2026-02-13,100.0
ESSENTIALS4,DATA,1,2025-01-03,100.0
ESSENTIALS4,DATA,2,2025-01-10,100.0
ESSENTIALS4,DATA,3,2025-01-17,100.0
ESSENTIALS4,DATA,4,2025-01-24,100.0
ESSENTIALS4,DATA,5,2025-01-31,100.0
ESSENTIALS4,DATA,6,2025-02-07,100.0
ESSENTIALS4,DATA,7,2025-02-14,100.0
ESSENTIALS4,DATA,8,2025-02-21,100.0
ESSENTIALS4,DATA,9,2025-02-28,100.0
ESSENTIALS4,DATA,10,2025-03-07,100.0
ESSENTIALS4,DATA,11,2025-03-14,100.0
ESSENTIALS4,DATA,12,2025-03-21,100.0
ESSENTIALS4,DATA,13,2025-03-28,100.0
ESSENTIALS4,DATA,14,2025-04-04,100.0
ESSENTIALS4,DATA,15,2025-04-11,100.0
ESSENTIALS4,DATA,16,2025-04-18,100.0
ESSENTIALS4,DATA,17,2025-04-25,100.0
ESSENTIALS4,DATA,18,2025-05-02,100.0
ESSENTIALS4,DATA,19,2025-05-09,100.0
ESSENTIALS4,DATA,20,2025-05-16,100.0
ESSENTIALS4,DATA,21,2025-05-23,100.0
ESSENTIALS4,DATA,22,2025-05-30,100.0
ESSENTIALS4,DATA,23,2025-06-06,100.0
ESSENTIALS4,DATA,24,2025-06-13,100.0
ESSENTIALS4,DATA,25,2025-06-20,100.0
ESSENTIALS4,DATA,26,2025-06-27,100.0
ESSENTIALS4,DATA,27,2025-07-04,97.95
ESSENTIALS4,DATA,28,2025-07-11,100.0
ESSENTIALS4,DATA,29,2025-07-18,100.0
ESSENTIALS4,DATA,30,2025-07-25,100.0
ESSENTIALS4,DATA,31,2025-08-01,100.0
ESSENTIALS4,DATA,32,2025-08-08,100.0
ESSENTIALS4,DATA,33,2025-08-15,100.0
ESSENTIALS4,DATA,34,2025-08-22,100.0
ESSENTIALS4,DATA,35,2025-08-29,100.0
ESSENTIALS4,DATA,36,2025-09-05,100.0
ESSENTIALS4,DATA,37,2025-09-12,100.0
ESSENTIALS4,DATA,38,2025-09-19,100.0
ESSENTIALS4,DATA,39,2025-09-26,100.0
ESSENTIALS4,DATA,40,2025-10-03,100.0
ESSENTIALS4,DATA,41,2025-10-10,100.0
ESSENTIALS4,DATA,42,2025-10-17,100.0
ESSENTIALS4,DATA,43,2025-10-24,100.0
ESSENTIALS4,DATA,44,2025-10-31,100.0
ESSENTIALS4,DATA,45,2025-11-07,100.0
ESSENTIALS4,DATA,46,2025-11-14,100.0
ESSENTIALS4,DATA,47,2025-11-21,100.0
ESSENTIALS4,DATA,48,2025-11-28,100.0
ESSENTIALS4,DATA,49,2025-12-05,100.0
ESSENTIALS4,DATA,50,2025-12-12,100.0
ESSENTIALS4,DATA,51,2025-12-19,100.0
ESSENTIALS4,DATA,52,2025-12-26,100.0
ESSENTIALS4,DATA,1,2026-01-02,100.0
ESSENTIALS4,DATA,2,2026-01-09,100.0
ESSENTIALS4,DATA,3,2026-01-16,100.0
ESSENTIALS4,DATA,4,2026-01-23,100.0
ESSENTIALS4,DATA,5,2026-01-30,100.0
ESSENTIALS4,DATA,6,2026-02-06,100.0
ESSENTIALS4,DATA,7,2026-02-13,100.0
ESSENTIALS5,DATA,1,2025-01-03,100.0
ESSENTIALS5,DATA,2,2025-01-10,100.0
ESSENTIALS5,DATA,3,2025-01-17,100.0
ESSENTIALS5,DATA,4,2025-01-24,100.0
ESSENTIALS5,DATA,5,2025-01-31,100.0
ESSENTIALS5,DATA,6,2025-02-07,100.0
ESSENTIALS5,DATA,7,2025-02-14,100.0
ESSENTIALS5,DATA,8,2025-02-21,100.0
ESSENTIALS5,DATA,9,2025-02-28,100.0
ESSENTIALS5,DATA,10,2025-03-07,100.0
ESSENTIALS5,DATA,11,2025-03-14,100.0
ESSENTIALS5,DATA,12,2025-03-21,100.0
ESSENTIALS5,DATA,13,2025-03-28,100.0
ESSENTIALS5,DATA,14,2025-04-04,100.0
ESSENTIALS5,DATA,15,2025-04-11,100.0
ESSENTIALS5,DATA,16,2025-04-18,100.0
ESSENTIALS5,DATA,17,2025-04-25,100.0
ESSENTIALS5,DATA,18,2025-05-02,100.0
ESSENTIALS5,DATA,19,2025-05-09,100.0
ESSENTIALS5,DATA,20,2025-05-16,100.0
ESSENTIALS5,DATA,21,2025-05-23,100.0
ESSENTIALS5,DATA,22,2025-05-30,100.0
ESSENTIALS5,DATA,23,2025-06-06,100.0
ESSENTIALS5,DATA,24,2025-06-13,99.21
ESSENTIALS5,DATA,25,2025-06-20,100.0
ESSENTIALS5,DATA,26,2025-06-27,99.4
ESSENTIALS5,DATA,27,2025-07-04,97.95
ESSENTIALS5,DATA,28,2025-07-11,100.0
ESSENTIALS5,DATA,29,2025-07-18,100.0
ESSENTIALS5,DATA,30,2025-07-25,100.0
ESSENTIALS5,DATA,31,2025-08-01,100.0
ESSENTIALS5,DATA,32,2025-08-08,100.0
ESSENTIALS5,DATA,33,2025-08-15,100.0
ESSENTIALS5,DATA,34,2025-08-22,100.0
ESSENTIALS5,DATA,35,2025-08-29,100.0
ESSENTIALS5,DATA,36,2025-09-05,100.0
ESSENTIALS5,DATA,37,2025-09-12,100.0
ESSENTIALS5,DATA,38,2025-09-19,100.0
ESSENTIALS5,DATA,39,2025-09-26,100.0
ESSENTIALS5,DATA,40,2025-10-03,100.0
ESSENTIALS5,DATA,41,2025-10-10,100.0
ESSENTIALS5,DATA,42,2025-10-17,100.0
ESSENTIALS5,DATA,43,2025-10-24,100.0
ESSENTIALS5,DATA,44,2025-10-31,100.0
ESSENTIALS5,DATA,45,2025-11-07,100.0
ESSENTIALS5,DATA,46,2025-11-14,100.0
ESSENTIALS5,DATA,47,2025-11-21,100.0
ESSENTIALS5,DATA,48,2025-11-28,100.0
ESSENTIALS5,DATA,49,2025-12-05,100.0
ESSENTIALS5,DATA,50,2025-12-12,100.0
ESSENTIALS5,DATA,51,2025-12-19,100.0
ESSENTIALS5,DATA,52,2025-12-26,100.0
ESSENTIALS5,DATA,1,2026-01-02,100.0
ESSENTIALS5,DATA,2,2026-01-09,100.0
ESSENTIALS5,DATA,3,2026-01-16,100.0
ESSENTIALS5,DATA,4,2026-01-23,100.0
ESSENTIALS5,DATA,5,2026-01-30,100.0
ESSENTIALS5,DATA,6,2026-02-06,100.0
ESSENTIALS5,DATA,7,2026-02-13,100.0
ESSENTIALS5,SMS,1,2025-01-03,100.0
ESSENTIALS5,SMS,2,2025-01-10,100.0
ESSENTIALS5,SMS,3,2025-01-17,100.0
ESSENTIALS5,SMS,4,2025-01-24,100.0
ESSENTIALS5,SMS,5,2025-01-31,100.0
ESSENTIALS5,SMS,6,2025-02-07,100.0
ESSENTIALS5,SMS,7,2025-02-14,100.0
ESSENTIALS5,SMS,8,2025-02-21,100.0
ESSENTIALS5,SMS,9,2025-02-28,100.0
ESSENTIALS5,SMS,10,2025-03-07,100.0
ESSENTIALS5,SMS,11,2025-03-14,100.0
ESSENTIALS5,SMS,12,2025-03-21,100.0
ESSENTIALS5,SMS,13,2025-03-28,100.0
ESSENTIALS5,SMS,14,2025-04-04,100.0
ESSENTIALS5,SMS,15,2025-04-11,100.0
ESSENTIALS5,SMS,16,2025-04-18,100.0
ESSENTIALS5,SMS,17,2025-04-25,100.0
ESSENTIALS5,SMS,18,2025-05-02,100.0
ESSENTIALS5,SMS,19,2025-05-09,100.0
ESSENTIALS5,SMS,20,2025-05-16,100.0
ESSENTIALS5,SMS,21,2025-05-23,100.0
ESSENTIALS5,SMS,22,2025-05-30,100.0
ESSENTIALS5,SMS,23,2025-06-06,100.0
ESSENTIALS5,SMS,24,2025-06-13,99.21
ESSENTIALS5,SMS,25,2025-06-20,100.0
ESSENTIALS5,SMS,26,2025-06-27,100.0
ESSENTIALS5,SMS,27,2025-07-04,97.95
ESSENTIALS5,SMS,28,2025-07-11,100.0
ESSENTIALS5,SMS,29,2025-07-18,100.0
ESSENTIALS5,SMS,30,2025-07-25,100.0
ESSENTIALS5,SMS,31,2025-08-01,100.0
ESSENTIALS5,SMS,32,2025-08-08,100.0
ESSENTIALS5,SMS,33,2025-08-15,100.0
ESSENTIALS5,SMS,34,2025-08-22,100.0
ESSENTIALS5,SMS,35,2025-08-29,100.0
ESSENTIALS5,SMS,36,2025-09-05,100.0
ESSENTIALS5,SMS,37,2025-09-12,100.0
ESSENTIALS5,SMS,38,2025-09-19,100.0
ESSENTIALS5,SMS,39,2025-09-26,100.0
ESSENTIALS5,SMS,40,2025-10-03,100.0
ESSENTIALS5,SMS,41,2025-10-10,100.0
ESSENTIALS5,SMS,42,2025-10-17,100.0
ESSENTIALS5,SMS,43,2025-10-24,100.0
ESSENTIALS5,SMS,44,2025-10-31,100.0
ESSENTIALS5,SMS,45,2025-11-07,100.0
ESSENTIALS5,SMS,46,2025-11-14,100.0
ESSENTIALS5,SMS,47,2025-11-21,100.0
ESSENTIALS5,SMS,48,2025-11-28,100.0
ESSENTIALS5,SMS,49,2025-12-05,100.0
ESSENTIALS5,SMS,50,2025-12-12,100.0
ESSENTIALS5,SMS,51,2025-12-19,100.0
ESSENTIALS5,SMS,52,2025-12-26,100.0
ESSENTIALS5,SMS,1,2026-01-02,100.0
ESSENTIALS5,SMS,2,2026-01-09,100.0
ESSENTIALS5,SMS,3,2026-01-16,100.0
ESSENTIALS5,SMS,4,2026-01-23,100.0
ESSENTIALS5,SMS,5,2026-01-30,100.0
ESSENTIALS5,SMS,6,2026-02-06,100.0
ESSENTIALS5,SMS,7,2026-02-13,100.0
ESSENTIALS5,VOICE,1,2025-01-03,100.0
ESSENTIALS5,VOICE,2,2025-01-10,100.0
ESSENTIALS5,VOICE,3,2025-01-17,100.0
ESSENTIALS5,VOICE,4,2025-01-24,100.0
ESSENTIALS5,VOICE,5,2025-01-31,100.0
ESSENTIALS5,VOICE,6,2025-02-07,100.0
ESSENTIALS5,VOICE,7,2025-02-14,100.0
ESSENTIALS5,VOICE,8,2025-02-21,100.0
ESSENTIALS5,VOICE,9,2025-02-28,100.0
ESSENTIALS5,VOICE,10,2025-03-07,100.0
ESSENTIALS5,VOICE,11,2025-03-14,100.0
ESSENTIALS5,VOICE,12,2025-03-21,100.0
ESSENTIALS5,VOICE,13,2025-03-28,100.0
ESSENTIALS5,VOICE,14,2025-04-04,100.0
ESSENTIALS5,VOICE,15,2025-04-11,100.0
ESSENTIALS5,VOICE,16,2025-04-18,100.0
ESSENTIALS5,VOICE,17,2025-04-25,100.0
ESSENTIALS5,VOICE,18,2025-05-02,100.0
ESSENTIALS5,VOICE,19,2025-05-09,100.0
ESSENTIALS5,VOICE,20,2025-05-16,100.0
ESSENTIALS5,VOICE,21,2025-05-23,100.0
ESSENTIALS5,VOICE,22,2025-05-30,100.0
ESSENTIALS5,VOICE,23,2025-06-06,100.0
ESSENTIALS5,VOICE,24,2025-06-13,99.21
ESSENTIALS5,VOICE,25,2025-06-20,100.0
ESSENTIALS5,VOICE,26,2025-06-27,100.0
ESSENTIALS5,VOICE,27,2025-07-04,97.95
ESSENTIALS5,VOICE,28,2025-07-11,100.0
ESSENTIALS5,VOICE,29,2025-07-18,100.0
ESSENTIALS5,VOICE,30,2025-07-25,100.0
ESSENTIALS5,VOICE,31,2025-08-01,100.0
ESSENTIALS5,VOICE,32,2025-08-08,100.0
ESSENTIALS5,VOICE,33,2025-08-15,100.0
ESSENTIALS5,VOICE,34,2025-08-22,100.0
ESSENTIALS5,VOICE,35,2025-08-29,100.0
ESSENTIALS5,VOICE,36,2025-09-05,100.0
ESSENTIALS5,VOICE,37,2025-09-12,100.0
ESSENTIALS5,VOICE,38,2025-09-19,100.0
ESSENTIALS5,VOICE,39,2025-09-26,100.0
ESSENTIALS5,VOICE,40,2025-10-03,100.0
ESSENTIALS5,VOICE,41,2025-10-10,100.0
ESSENTIALS5,VOICE,42,2025-10-17,100.0
ESSENTIALS5,VOICE,43,2025-10-24,100.0
ESSENTIALS5,VOICE,44,2025-10-31,100.0
ESSENTIALS5,VOICE,45,2025-11-07,100.0
ESSENTIALS5,VOICE,46,2025-11-14,100.0
ESSENTIALS5,VOICE,47,2025-11-21,100.0
ESSENTIALS5,VOICE,48,2025-11-28,100.0
ESSENTIALS5,VOICE,49,2025-12-05,100.0
ESSENTIALS5,VOICE,50,2025-12-12,100.0
ESSENTIALS5,VOICE,51,2025-12-19,100.0
ESSENTIALS5,VOICE,52,2025-12-26,100.0
ESSENTIALS5,VOICE,1,2026-01-02,100.0
ESSENTIALS5,VOICE,2,2026-01-09,100.0
ESSENTIALS5,VOICE,3,2026-01-16,100.0
ESSENTIALS5,VOICE,4,2026-01-23,100.0
ESSENTIALS5,VOICE,5,2026-01-30,100.0
ESSENTIALS5,VOICE,6,2026-02-06,100.0
ESSENTIALS5,VOICE,7,2026-02-13,100.0
ESSENTIALS5,DATA,1,2025-01-03,99.4
ESSENTIALS5,DATA,2,2025-01-10,99.4
ESSENTIALS5,DATA,3,2025-01-17,99.4
ESSENTIALS5,DATA,4,2025-01-24,99.4
ESSENTIALS5,DATA,5,2025-01-31,99.4
ESSENTIALS5,DATA,6,2025-02-07,99.4
ESSENTIALS5,DATA,7,2025-02-14,99.4
ESSENTIALS5,DATA,8,2025-02-21,99.4
ESSENTIALS5,DATA,9,2025-02-28,99.4
ESSENTIALS5,DATA,10,2025-03-07,99.4
ESSENTIALS5,SMS,1,2025-01-03,99.4
ESSENTIALS5,SMS,2,2025-01-10,99.4
ESSENTIALS5,SMS,3,2025-01-17,99.4
ESSENTIALS5,SMS,4,2025-01-24,99.4
ESSENTIALS5,SMS,5,2025-01-31,99.4
ESSENTIALS5,SMS,6,2025-02-07,99.4
ESSENTIALS5,SMS,7,2025-02-14,99.4
ESSENTIALS5,SMS,8,2025-02-21,99.4
ESSENTIALS5,SMS,9,2025-02-28,99.4
ESSENTIALS5,SMS,10,2025-03-07,99.4
ESSENTIALS5,VOICE,1,2025-01-03,99.4
ESSENTIALS5,VOICE,2,2025-01-10,99.4
ESSENTIALS5,VOICE,3,2025-01-17,99.4
ESSENTIALS5,VOICE,4,2025-01-24,99.4
ESSENTIALS5,VOICE,5,2025-01-31,99.4
ESSENTIALS5,VOICE,6,2025-02-07,99.4
ESSENTIALS5,VOICE,7,2025-02-14,99.4
ESSENTIALS5,VOICE,8,2025-02-21,99.4
ESSENTIALS5,VOICE,9,2025-02-28,99.4
ESSENTIALS5,VOICE,10,2025-03-07,99.4
ADVANCED,DATA,1,2025-01-03,99.4
ADVANCED,DATA,2,2025-01-10,99.4
ADVANCED,DATA,3,2025-01-17,99.4
ADVANCED,DATA,4,2025-01-24,99.4
ADVANCED,DATA,5,2025-01-31,99.4
ADVANCED,DATA,6,2025-02-07,99.4
ADVANCED,DATA,7,2025-02-14,99.4
ADVANCED,DATA,8,2025-02-21,99.4
ADVANCED,DATA,9,2025-02-28,99.4
ADVANCED,DATA,10,2025-03-07,99.4
ADVANCED,DATA,11,2025-03-14,99.4
ADVANCED,DATA,12,2025-03-21,99.4
ADVANCED,DATA,13,2025-03-28,99.4
ADVANCED,DATA,14,2025-04-04,99.4
ADVANCED,DATA,15,2025-04-11,99.4
ADVANCED,DATA,16,2025-04-18,99.4
ADVANCED,DATA,17,2025-04-25,99.4
ADVANCED,DATA,18,2025-05-02,99.4
ADVANCED,DATA,19,2025-05-09,99.4
ADVANCED,DATA,20,2025-05-16,99.4
ADVANCED,DATA,21,2025-05-23,99.4
ADVANCED,DATA,22,2025-05-30,99.4
ADVANCED,DATA,23,2025-06-06,99.4
ADVANCED,DATA,24,2025-06-13,99.4
ADVANCED,DATA,25,2025-06-20,99.4
ADVANCED,DATA,26,2025-06-27,99.4
ADVANCED,DATA,27,2025-07-04,99.42
ADVANCED,DATA,28,2025-07-11,99.4
ADVANCED,DATA,29,2025-07-18,99.4
ADVANCED,DATA,30,2025-07-25,99.4
ADVANCED,DATA,31,2025-08-01,99.4
ADVANCED,DATA,32,2025-08-08,99.4
ADVANCED,DATA,33,2025-08-15,99.4
ADVANCED,DATA,34,2025-08-22,99.4
ADVANCED,DATA,35,2025-08-29,99.4
ADVANCED,DATA,36,2025-09-05,99.4
ADVANCED,DATA,37,2025-09-12,99.4
ADVANCED,DATA,38,2025-09-19,99.4
ADVANCED,DATA,39,2025-09-26,99.4
ADVANCED,DATA,40,2025-10-03,99.4
ADVANCED,DATA,41,2025-10-10,99.4
ADVANCED,DATA,42,2025-10-17,99.4
ADVANCED,DATA,43,2025-10-24,99.4
ADVANCED,DATA,44,2025-10-31,99.4
ADVANCED,DATA,45,2025-11-07,99.4
ADVANCED,DATA,46,2025-11-14,99.4
ADVANCED,DATA,47,2025-11-21,99.4
ADVANCED,DATA,48,2025-11-28,99.4
ADVANCED,DATA,49,2025-12-05,99.4
ADVANCED,DATA,50,2025-12-12,99.4
ADVANCED,DATA,51,2025-12-19,99.4
ADVANCED,DATA,52,2025-12-26,99.4
ADVANCED,DATA,1,2026-01-02,99.4
ADVANCED,DATA,2,2026-01-09,99.4
ADVANCED,DATA,3,2026-01-16,99.4
ADVANCED,DATA,4,2026-01-23,99.4
ADVANCED,DATA,5,2026-01-30,99.4
ADVANCED,DATA,6,2026-02-06,99.4
ADVANCED,DATA,7,2026-02-13,99.4
ADVANCED,SMS,1,2025-01-03,99.4
ADVANCED,SMS,2,2025-01-10,99.4
ADVANCED,SMS,3,2025-01-17,99.4
ADVANCED,SMS,4,2025-01-24,99.4
ADVANCED,SMS,5,2025-01-31,99.4
ADVANCED,SMS,6,2025-02-07,99.4
ADVANCED,SMS,7,2025-02-14,99.4
ADVANCED,SMS,8,2025-02-21,99.4
ADVANCED,SMS,9,2025-02-28,99.4
ADVANCED,SMS,10,2025-03-07,99.4
ADVANCED,SMS,11,2025-03-14,99.4
ADVANCED,SMS,12,2025-03-21,99.4
ADVANCED,SMS,13,2025-03-28,99.4
ADVANCED,SMS,14,2025-04-04,99.4
ADVANCED,SMS,15,2025-04-11,99.4
ADVANCED,SMS,16,2025-04-18,99.4
ADVANCED,SMS,17,2025-04-25,99.4
ADVANCED,SMS,18,2025-05-02,99.4
ADVANCED,SMS,19,2025-05-09,99.4
ADVANCED,SMS,20,2025-05-16,99.4
ADVANCED,SMS,21,2025-05-23,99.4
ADVANCED,SMS,22,2025-05-30,99.4
ADVANCED,SMS,23,2025-06-06,99.4
ADVANCED,SMS,24,2025-06-13,99.4
ADVANCED,SMS,25,2025-06-20,99.4
ADVANCED,SMS,26,2025-06-27,99.4
ADVANCED,SMS,27,2025-07-04,99.42
ADVANCED,SMS,28,2025-07-11,99.4
ADVANCED,SMS,29,2025-07-18,99.4
ADVANCED,SMS,30,2025-07-25,99.4
ADVANCED,SMS,31,2025-08-01,99.4
ADVANCED,SMS,32,2025-08-08,99.4
ADVANCED,SMS,33,2025-08-15,99.4
ADVANCED,SMS,34,2025-08-22,99.4
ADVANCED,SMS,35,2025-08-29,99.4
ADVANCED,SMS,36,2025-09-05,99.4
ADVANCED,SMS,37,2025-09-12,99.4
ADVANCED,SMS,38,2025-09-19,99.4
ADVANCED,SMS,39,2025-09-26,99.4
ADVANCED,SMS,40,2025-10-03,99.4
ADVANCED,SMS,41,2025-10-10,99.4
ADVANCED,SMS,42,2025-10-17,99.4
ADVANCED,SMS,43,2025-10-24,99.4
ADVANCED,SMS,44,2025-10-31,99.4
ADVANCED,SMS,45,2025-11-07,99.4
ADVANCED,SMS,46,2025-11-14,99.4
ADVANCED,SMS,47,2025-11-21,99.4
ADVANCED,SMS,48,2025-11-28,99.4
ADVANCED,SMS,49,2025-12-05,99.4
ADVANCED,SMS,50,2025-12-12,99.4
ADVANCED,SMS,51,2025-12-19,99.4
ADVANCED,SMS,52,2025-12-26,99.4
ADVANCED,SMS,1,2026-01-02,99.4
ADVANCED,SMS,2,2026-01-09,99.4
ADVANCED,SMS,3,2026-01-16,99.4
ADVANCED,SMS,4,2026-01-23,99.4
ADVANCED,SMS,5,2026-01-30,99.4
ADVANCED,SMS,6,2026-02-06,99.4
ADVANCED,SMS,7,2026-02-13,99.4
ADVANCED,VOICE,1,2025-01-03,99.4
ADVANCED,VOICE,2,2025-01-10,99.4
ADVANCED,VOICE,3,2025-01-17,99.4
ADVANCED,VOICE,4,2025-01-24,99.4
ADVANCED,VOICE,5,2025-01-31,99.4
ADVANCED,VOICE,6,2025-02-07,99.4
ADVANCED,VOICE,7,2025-02-14,99.4
ADVANCED,VOICE,8,2025-02-21,99.4
ADVANCED,VOICE,9,2025-02-28,99.4
ADVANCED,VOICE,10,2025-03-07,99.4
ADVANCED,VOICE,11,2025-03-14,99.4
ADVANCED,VOICE,12,2025-03-21,99.4
ADVANCED,VOICE,13,2025-03-28,99.4
ADVANCED,VOICE,14,2025-04-04,99.4
ADVANCED,VOICE,15,2025-04-11,99.4
ADVANCED,VOICE,16,2025-04-18,99.4
ADVANCED,VOICE,17,2025-04-25,99.4
ADVANCED,VOICE,18,2025-05-02,99.4
ADVANCED,VOICE,19,2025-05-09,99.4
ADVANCED,VOICE,20,2025-05-16,99.4
ADVANCED,VOICE,21,2025-05-23,99.4
ADVANCED,VOICE,22,2025-05-30,99.4
ADVANCED,VOICE,23,2025-06-06,99.4
ADVANCED,VOICE,24,2025-06-13,99.4
ADVANCED,VOICE,25,2025-06-20,99.4
ADVANCED,VOICE,26,2025-06-27,99.4
ADVANCED,VOICE,27,2025-07-04,99.42
ADVANCED,VOICE,28,2025-07-11,99.4
ADVANCED,VOICE,29,2025-07-18,99.4
ADVANCED,VOICE,30,2025-07-25,99.4
ADVANCED,VOICE,31,2025-08-01,99.4
ADVANCED,VOICE,32,2025-08-08,99.4
ADVANCED,VOICE,33,2025-08-15,99.4
ADVANCED,VOICE,34,2025-08-22,99.4
ADVANCED,VOICE,35,2025-08-29,99.4
ADVANCED,VOICE,36,2025-09-05,99.4
ADVANCED,VOICE,37,2025-09-12,99.4
ADVANCED,VOICE,38,2025-09-19,99.4
ADVANCED,VOICE,39,2025-09-26,99.4
ADVANCED,VOICE,40,2025-10-03,99.4
ADVANCED,VOICE,41,2025-10-10,99.4
ADVANCED,VOICE,42,2025-10-17,99.4
ADVANCED,VOICE,43,2025-10-24,99.4
ADVANCED,VOICE,44,2025-10-31,99.4
ADVANCED,VOICE,45,2025-11-07,99.4
ADVANCED,VOICE,46,2025-11-14,99.4
ADVANCED,VOICE,47,2025-11-21,99.4
ADVANCED,VOICE,48,2025-11-28,99.4
ADVANCED,VOICE,49,2025-12-05,99.4
ADVANCED,VOICE,50,2025-12-12,99.4
ADVANCED,VOICE,51,2025-12-19,99.4
ADVANCED,VOICE,52,2025-12-26,99.4
ADVANCED,VOICE,1,2026-01-02,99.4
ADVANCED,VOICE,2,2026-01-09,99.4
ADVANCED,VOICE,3,2026-01-16,99.4
ADVANCED,VOICE,4,2026-01-23,99.4
ADVANCED,VOICE,5,2026-01-30,99.4
ADVANCED,VOICE,6,2026-02-06,99.4
ADVANCED,VOICE,7,2026-02-13,99.4
ESSENTIALS1,DATA,1,2025-01-03,99.4
ESSENTIALS1,DATA,2,2025-01-10,99.4
ESSENTIALS1,DATA,3,2025-01-17,99.4
ESSENTIALS1,DATA,4,2025-01-24,99.4
ESSENTIALS1,DATA,5,2025-01-31,99.4
ESSENTIALS1,DATA,6,2025-02-07,99.4
ESSENTIALS1,DATA,7,2025-02-14,99.4
ESSENTIALS1,DATA,8,2025-02-21,99.4
ESSENTIALS1,DATA,9,2025-02-28,99.4
ESSENTIALS1,DATA,10,2025-03-07,99.4
ESSENTIALS1,DATA,11,2025-03-14,99.4
ESSENTIALS1,DATA,12,2025-03-21,99.4
ESSENTIALS1,DATA,13,2025-03-28,99.4
ESSENTIALS1,DATA,14,2025-04-04,99.4
ESSENTIALS1,DATA,15,2025-04-11,99.4
ESSENTIALS1,DATA,16,2025-04-18,99.4
ESSENTIALS1,DATA,17,2025-04-25,99.4
ESSENTIALS1,DATA,18,2025-05-02,99.4
ESSENTIALS1,DATA,19,2025-05-09,99.4
ESSENTIALS1,DATA,20,2025-05-16,99.4
ESSENTIALS1,DATA,21,2025-05-23,99.4
ESSENTIALS1,DATA,22,2025-05-30,99.4
ESSENTIALS1,DATA,23,2025-06-06,99.4
ESSENTIALS1,DATA,24,2025-06-13,99.42
ESSENTIALS1,DATA,25,2025-06-20,99.4
ESSENTIALS1,DATA,26,2025-06-27,99.4
ESSENTIALS1,DATA,27,2025-07-04,99.42
ESSENTIALS1,DATA,28,2025-07-11,99.4
ESSENTIALS1,DATA,29,2025-07-18,99.4
ESSENTIALS1,DATA,30,2025-07-25,99.4
ESSENTIALS1,DATA,31,2025-08-01,99.4
ESSENTIALS1,DATA,32,2025-08-08,99.4
ESSENTIALS1,DATA,33,2025-08-15,99.4
ESSENTIALS1,DATA,34,2025-08-22,99.4
ESSENTIALS1,DATA,35,2025-08-29,99.4
ESSENTIALS1,DATA,36,2025-09-05,99.4
ESSENTIALS1,DATA,37,2025-09-12,99.4
ESSENTIALS1,DATA,38,2025-09-19,99.4
ESSENTIALS1,DATA,39,2025-09-26,99.4
ESSENTIALS1,DATA,40,2025-10-03,99.4
ESSENTIALS1,DATA,41,2025-10-10,99.4
ESSENTIALS1,DATA,42,2025-10-17,99.4
ESSENTIALS1,DATA,43,2025-10-24,99.4
ESSENTIALS1,DATA,44,2025-10-31,99.4
ESSENTIALS1,DATA,45,2025-11-07,99.4
ESSENTIALS1,DATA,46,2025-11-14,99.4
ESSENTIALS1,DATA,47,2025-11-21,99.4
ESSENTIALS1,DATA,48,2025-11-28,99.4
ESSENTIALS1,DATA,49,2025-12-05,99.4
ESSENTIALS1,DATA,50,2025-12-12,99.4
ESSENTIALS1,DATA,51,2025-12-19,99.4
ESSENTIALS1,DATA,52,2025-12-26,99.4
ESSENTIALS1,DATA,1,2026-01-02,99.4
ESSENTIALS1,DATA,2,2026-01-09,99.4
ESSENTIALS1,DATA,3,2026-01-16,99.4
ESSENTIALS1,DATA,4,2026-01-23,99.4
ESSENTIALS1,DATA,5,2026-01-30,99.4
ESSENTIALS1,DATA,6,2026-02-06,99.4
ESSENTIALS1,DATA,7,2026-02-13,99.4
ESSENTIALS1,SMS,1,2025-01-03,99.4
ESSENTIALS1,SMS,2,2025-01-10,99.4
ESSENTIALS1,SMS,3,2025-01-17,99.4
ESSENTIALS1,SMS,4,2025-01-24,99.4
ESSENTIALS1,SMS,5,2025-01-31,99.4
ESSENTIALS1,SMS,6,2025-02-07,99.4
ESSENTIALS1,SMS,7,2025-02-14,99.4
ESSENTIALS1,SMS,8,2025-02-21,99.4
ESSENTIALS1,SMS,9,2025-02-28,99.4
ESSENTIALS1,SMS,10,2025-03-07,99.4
ESSENTIALS1,SMS,11,2025-03-14,99.4
ESSENTIALS1,SMS,12,2025-03-21,99.4
ESSENTIALS1,SMS,13,2025-03-28,99.4
ESSENTIALS1,SMS,14,2025-04-04,99.4
ESSENTIALS1,SMS,15,2025-04-11,99.4
ESSENTIALS1,SMS,16,2025-04-18,99.4
ESSENTIALS1,SMS,17,2025-04-25,99.4
ESSENTIALS1,SMS,18,2025-05-02,99.4
ESSENTIALS1,SMS,19,2025-05-09,99.4
ESSENTIALS1,SMS,20,2025-05-16,99.4
ESSENTIALS1,SMS,21,2025-05-23,99.4
ESSENTIALS1,SMS,22,2025-05-30,99.4
ESSENTIALS1,SMS,23,2025-06-06,99.4
ESSENTIALS1,SMS,24,2025-06-13,99.42
ESSENTIALS1,SMS,25,2025-06-20,99.4
ESSENTIALS1,SMS,26,2025-06-27,99.4
ESSENTIALS1,SMS,27,2025-07-04,99.42
ESSENTIALS1,SMS,28,2025-07-11,99.4
ESSENTIALS1,SMS,29,2025-07-18,99.4
ESSENTIALS1,SMS,30,2025-07-25,99.4
ESSENTIALS1,SMS,31,2025-08-01,99.4
ESSENTIALS1,SMS,32,2025-08-08,99.4
ESSENTIALS1,SMS,33,2025-08-15,99.4
ESSENTIALS1,SMS,34,2025-08-22,99.4
ESSENTIALS1,SMS,35,2025-08-29,99.4
ESSENTIALS1,SMS,36,2025-09-05,99.4
ESSENTIALS1,SMS,37,2025-09-12,99.4
ESSENTIALS1,SMS,38,2025-09-19,99.4
ESSENTIALS1,SMS,39,2025-09-26,99.4
ESSENTIALS1,SMS,40,2025-10-03,99.4
ESSENTIALS1,SMS,41,2025-10-10,99.4
ESSENTIALS1,SMS,42,2025-10-17,99.4
ESSENTIALS1,SMS,43,2025-10-24,99.4
ESSENTIALS1,SMS,44,2025-10-31,99.4
ESSENTIALS1,SMS,45,2025-11-07,99.4
ESSENTIALS1,SMS,46,2025-11-14,99.4
ESSENTIALS1,SMS,47,2025-11-21,99.4
ESSENTIALS1,SMS,48,2025-11-28,99.4
ESSENTIALS1,SMS,49,2025-12-05,99.4
ESSENTIALS1,SMS,50,2025-12-12,99.4
ESSENTIALS1,SMS,51,2025-12-19,99.4
ESSENTIALS1,SMS,52,2025-12-26,99.4
ESSENTIALS1,SMS,1,2026-01-02,99.4
ESSENTIALS1,SMS,2,2026-01-09,99.4
ESSENTIALS1,SMS,3,2026-01-16,99.4
ESSENTIALS1,SMS,4,2026-01-23,99.4
ESSENTIALS1,SMS,5,2026-01-30,99.4
ESSENTIALS1,SMS,6,2026-02-06,99.4
ESSENTIALS1,SMS,7,2026-02-13,99.4
ESSENTIALS1,VOICE,1,2025-01-03,99.4
ESSENTIALS1,VOICE,2,2025-01-10,99.4
ESSENTIALS1,VOICE,3,2025-01-17,99.4
ESSENTIALS1,VOICE,4,2025-01-24,99.4
ESSENTIALS1,VOICE,5,2025-01-31,99.4
ESSENTIALS1,VOICE,6,2025-02-07,99.4
ESSENTIALS1,VOICE,7,2025-02-14,99.4
ESSENTIALS1,VOICE,8,2025-02-21,99.4
ESSENTIALS1,VOICE,9,2025-02-28,99.4
ESSENTIALS1,VOICE,10,2025-03-07,99.4
ESSENTIALS1,VOICE,11,2025-03-14,99.4
ESSENTIALS1,VOICE,12,2025-03-21,99.4
ESSENTIALS1,VOICE,13,2025-03-28,99.4
ESSENTIALS1,VOICE,14,2025-04-04,99.4
ESSENTIALS1,VOICE,15,2025-04-11,99.4
ESSENTIALS1,VOICE,16,2025-04-18,99.4
ESSENTIALS1,VOICE,17,2025-04-25,99.4
ESSENTIALS1,VOICE,18,2025-05-02,99.4
ESSENTIALS1,VOICE,19,2025-05-09,99.4
ESSENTIALS1,VOICE,20,2025-05-16,99.4
ESSENTIALS1,VOICE,21,2025-05-23,99.4
ESSENTIALS1,VOICE,22,2025-05-30,99.4
ESSENTIALS1,VOICE,23,2025-06-06,99.4
ESSENTIALS1,VOICE,24,2025-06-13,99.42
ESSENTIALS1,VOICE,25,2025-06-20,99.4
ESSENTIALS1,VOICE,26,2025-06-27,99.4
ESSENTIALS1,VOICE,27,2025-07-04,99.42
ESSENTIALS1,VOICE,28,2025-07-11,99.4
ESSENTIALS1,VOICE,29,2025-07-18,99.4
ESSENTIALS1,VOICE,30,2025-07-25,99.4
ESSENTIALS1,VOICE,31,2025-08-01,99.4
ESSENTIALS1,VOICE,32,2025-08-08,99.4
ESSENTIALS1,VOICE,33,2025-08-15,99.4
ESSENTIALS1,VOICE,34,2025-08-22,99.4
ESSENTIALS1,VOICE,35,2025-08-29,99.4
ESSENTIALS1,VOICE,36,2025-09-05,99.4
ESSENTIALS1,VOICE,37,2025-09-12,99.4
ESSENTIALS1,VOICE,38,2025-09-19,99.4
ESSENTIALS1,VOICE,39,2025-09-26,99.4
ESSENTIALS1,VOICE,40,2025-10-03,99.4
ESSENTIALS1,VOICE,41,2025-10-10,99.4
ESSENTIALS1,VOICE,42,2025-10-17,99.4
ESSENTIALS1,VOICE,43,2025-10-24,99.4
ESSENTIALS1,VOICE,44,2025-10-31,99.4
ESSENTIALS1,VOICE,45,2025-11-07,99.4
ESSENTIALS1,VOICE,46,2025-11-14,99.4
ESSENTIALS1,VOICE,47,2025-11-21,99.4
ESSENTIALS1,VOICE,48,2025-11-28,99.4
ESSENTIALS1,VOICE,49,2025-12-05,99.4
ESSENTIALS1,VOICE,50,2025-12-12,99.4
ESSENTIALS1,VOICE,51,2025-12-19,99.4
ESSENTIALS1,VOICE,52,2025-12-26,99.4
ESSENTIALS1,VOICE,1,2026-01-02,99.4
ESSENTIALS1,VOICE,2,2026-01-09,99.4
ESSENTIALS1,VOICE,3,2026-01-16,99.4
ESSENTIALS1,VOICE,4,2026-01-23,99.4
ESSENTIALS1,VOICE,5,2026-01-30,99.4
ESSENTIALS1,VOICE,6,2026-02-06,99.4
ESSENTIALS1,VOICE,7,2026-02-13,99.4
ESSENTIALS2,DATA,1,2025-01-03,99.4
ESSENTIALS2,DATA,2,2025-01-10,99.4
ESSENTIALS2,DATA,3,2025-01-17,99.4
ESSENTIALS2,DATA,4,2025-01-24,99.4
ESSENTIALS2,DATA,5,2025-01-31,99.4
ESSENTIALS2,DATA,6,2025-02-07,99.4
ESSENTIALS2,DATA,7,2025-02-14,99.4
ESSENTIALS2,DATA,8,2025-02-21,99.4
ESSENTIALS2,DATA,9,2025-02-28,99.4
ESSENTIALS2,DATA,10,2025-03-07,99.4
ESSENTIALS2,DATA,11,2025-03-14,99.4
ESSENTIALS2,DATA,12,2025-03-21,99.4
ESSENTIALS2,DATA,13,2025-03-28,99.4
ESSENTIALS2,DATA,14,2025-04-04,99.4
ESSENTIALS2,DATA,15,2025-04-11,99.4
ESSENTIALS2,DATA,16,2025-04-18,99.4
ESSENTIALS2,DATA,17,2025-04-25,99.4
ESSENTIALS2,DATA,18,2025-05-02,99.4
ESSENTIALS2,DATA,19,2025-05-09,99.4
ESSENTIALS2,DATA,20,2025-05-16,99.4
ESSENTIALS2,DATA,21,2025-05-23,99.4
ESSENTIALS2,DATA,22,2025-05-30,99.4
ESSENTIALS2,DATA,23,2025-06-06,99.4
ESSENTIALS2,DATA,24,2025-06-13,99.4
ESSENTIALS2,DATA,25,2025-06-20,99.4
ESSENTIALS2,DATA,26,2025-06-27,99.4
ESSENTIALS2,DATA,27,2025-07-04,99.42
ESSENTIALS2,DATA,28,2025-07-11,99.4
ESSENTIALS2,DATA,29,2025-07-18,99.4
ESSENTIALS2,DATA,30,2025-07-25,99.4
ESSENTIALS2,DATA,31,2025-08-01,99.4
ESSENTIALS2,DATA,32,2025-08-08,99.4
ESSENTIALS2,DATA,33,2025-08-15,99.4
ESSENTIALS2,DATA,34,2025-08-22,99.4
ESSENTIALS2,DATA,35,2025-08-29,99.4
ESSENTIALS2,DATA,36,2025-09-05,99.4
ESSENTIALS2,DATA,37,2025-09-12,99.4
ESSENTIALS2,DATA,38,2025-09-19,99.4
ESSENTIALS2,DATA,39,2025-09-26,99.4
ESSENTIALS2,DATA,40,2025-10-03,99.4
ESSENTIALS2,DATA,41,2025-10-10,99.4
ESSENTIALS2,DATA,42,2025-10-17,99.4
ESSENTIALS2,DATA,43,2025-10-24,99.4
ESSENTIALS2,DATA,44,2025-10-31,99.4
ESSENTIALS2,DATA,45,2025-11-07,99.4
ESSENTIALS2,DATA,46,2025-11-14,99.4
ESSENTIALS2,DATA,47,2025-11-21,99.4
ESSENTIALS2,DATA,48,2025-11-28,99.4
ESSENTIALS2,DATA,49,2025-12-05,99.4
ESSENTIALS2,DATA,50,2025-12-12,99.4
ESSENTIALS2,DATA,51,2025-12-19,99.4
ESSENTIALS2,DATA,52,2025-12-26,99.4
ESSENTIALS2,DATA,1,2026-01-02,99.4
ESSENTIALS2,DATA,2,2026-01-09,99.4
ESSENTIALS2,DATA,3,2026-01-16,99.4
ESSENTIALS2,DATA,4,2026-01-23,99.4
ESSENTIALS2,DATA,5,2026-01-30,99.4
ESSENTIALS2,DATA,6,2026-02-06,99.4
ESSENTIALS2,DATA,7,2026-02-13,99.4
ESSENTIALS2,SMS,1,2025-01-03,99.4
ESSENTIALS2,SMS,2,2025-01-10,99.4
ESSENTIALS2,SMS,3,2025-01-17,99.4
ESSENTIALS2,SMS,4,2025-01-24,99.4
ESSENTIALS2,SMS,5,2025-01-31,99.4
ESSENTIALS2,SMS,6,2025-02-07,99.4
ESSENTIALS2,SMS,7,2025-02-14,99.4
ESSENTIALS2,SMS,8,2025-02-21,99.4
ESSENTIALS2,SMS,9,2025-02-28,99.4
ESSENTIALS2,SMS,10,2025-03-07,99.4
ESSENTIALS2,SMS,11,2025-03-14,99.4
ESSENTIALS2,SMS,12,2025-03-21,99.4
ESSENTIALS2,SMS,13,2025-03-28,99.4
ESSENTIALS2,SMS,14,2025-04-04,99.4
ESSENTIALS2,SMS,15,2025-04-11,99.4
ESSENTIALS2,SMS,16,2025-04-18,99.4
ESSENTIALS2,SMS,17,2025-04-25,99.4
ESSENTIALS2,SMS,18,2025-05-02,99.4
ESSENTIALS2,SMS,19,2025-05-09,99.4
ESSENTIALS2,SMS,20,2025-05-16,99.4
ESSENTIALS2,SMS,21,2025-05-23,99.4
ESSENTIALS2,SMS,22,2025-05-30,99.4
ESSENTIALS2,SMS,23,2025-06-06,99.4
ESSENTIALS2,SMS,24,2025-06-13,99.4
ESSENTIALS2,SMS,25,2025-06-20,99.4
ESSENTIALS2,SMS,26,2025-06-27,99.4
ESSENTIALS2,SMS,27,2025-07-04,99.42
ESSENTIALS2,SMS,28,2025-07-11,99.4
ESSENTIALS2,SMS,29,2025-07-18,99.4
ESSENTIALS2,SMS,30,2025-07-25,99.4
ESSENTIALS2,SMS,31,2025-08-01,99.4
ESSENTIALS2,SMS,32,2025-08-08,99.4
ESSENTIALS2,SMS,33,2025-08-15,99.4
ESSENTIALS2,SMS,34,2025-08-22,99.4
ESSENTIALS2,SMS,35,2025-08-29,99.4
ESSENTIALS2,SMS,36,2025-09-05,99.4
ESSENTIALS2,SMS,37,2025-09-12,99.4
ESSENTIALS2,SMS,38,2025-09-19,99.4
ESSENTIALS2,SMS,39,2025-09-26,99.4
ESSENTIALS2,SMS,40,2025-10-03,99.4
ESSENTIALS2,SMS,41,2025-10-10,99.4
ESSENTIALS2,SMS,42,2025-10-17,99.4
ESSENTIALS2,SMS,43,2025-10-24,99.4
ESSENTIALS2,SMS,44,2025-10-31,99.4
ESSENTIALS2,SMS,45,2025-11-07,99.4
ESSENTIALS2,SMS,46,2025-11-14,99.4
ESSENTIALS2,SMS,47,2025-11-21,99.4
ESSENTIALS2,SMS,48,2025-11-28,99.4
ESSENTIALS2,SMS,49,2025-12-05,99.4
ESSENTIALS2,SMS,50,2025-12-12,99.4
ESSENTIALS2,SMS,51,2025-12-19,99.4
ESSENTIALS2,SMS,52,2025-12-26,99.4
ESSENTIALS2,SMS,1,2026-01-02,99.4
ESSENTIALS2,SMS,2,2026-01-09,99.4
ESSENTIALS2,SMS,3,2026-01-16,99.4
ESSENTIALS2,SMS,4,2026-01-23,99.4
ESSENTIALS2,SMS,5,2026-01-30,99.4
ESSENTIALS2,SMS,6,2026-02-06,99.4
ESSENTIALS2,SMS,7,2026-02-13,99.4
ESSENTIALS2,VOICE,1,2025-01-03,99.4
ESSENTIALS2,VOICE,2,2025-01-10,99.4
ESSENTIALS2,VOICE,3,2025-01-17,99.4
ESSENTIALS2,VOICE,4,2025-01-24,99.4
ESSENTIALS2,VOICE,5,2025-01-31,99.4
ESSENTIALS2,VOICE,6,2025-02-07,99.4
ESSENTIALS2,VOICE,7,2025-02-14,99.4
ESSENTIALS2,VOICE,8,2025-02-21,99.4
ESSENTIALS2,VOICE,9,2025-02-28,99.4
ESSENTIALS2,VOICE,10,2025-03-07,99.4
ESSENTIALS2,VOICE,11,2025-03-14,99.4
ESSENTIALS2,VOICE,12,2025-03-21,99.4
ESSENTIALS2,VOICE,13,2025-03-28,99.4
ESSENTIALS2,VOICE,14,2025-04-04,99.4
ESSENTIALS2,VOICE,15,2025-04-11,99.4
ESSENTIALS2,VOICE,16,2025-04-18,99.4
ESSENTIALS2,VOICE,17,2025-04-25,99.4
ESSENTIALS2,VOICE,18,2025-05-02,99.4
ESSENTIALS2,VOICE,19,2025-05-09,99.4
ESSENTIALS2,VOICE,20,2025-05-16,99.4
ESSENTIALS2,VOICE,21,2025-05-23,99.4
ESSENTIALS2,VOICE,22,2025-05-30,99.4
ESSENTIALS2,VOICE,23,2025-06-06,99.4
ESSENTIALS2,VOICE,24,2025-06-13,99.4
ESSENTIALS2,VOICE,25,2025-06-20,99.4
ESSENTIALS2,VOICE,26,2025-06-27,99.4
ESSENTIALS2,VOICE,27,2025-07-04,99.42
ESSENTIALS2,VOICE,28,2025-07-11,99.4
ESSENTIALS2,VOICE,29,2025-07-18,99.4
ESSENTIALS2,VOICE,30,2025-07-25,99.4
ESSENTIALS2,VOICE,31,2025-08-01,99.4
ESSENTIALS2,VOICE,32,2025-08-08,99.4
ESSENTIALS2,VOICE,33,2025-08-15,99.4
ESSENTIALS2,VOICE,34,2025-08-22,99.4
ESSENTIALS2,VOICE,35,2025-08-29,99.4
ESSENTIALS2,VOICE,36,2025-09-05,99.4
ESSENTIALS2,VOICE,37,2025-09-12,99.4
ESSENTIALS2,VOICE,38,2025-09-19,99.4
ESSENTIALS2,VOICE,39,2025-09-26,99.4
ESSENTIALS2,VOICE,40,2025-10-03,99.4
ESSENTIALS2,VOICE,41,2025-10-10,99.4
ESSENTIALS2,VOICE,42,2025-10-17,99.4
ESSENTIALS2,VOICE,43,2025-10-24,99.4
ESSENTIALS2,VOICE,44,2025-10-31,99.4
ESSENTIALS2,VOICE,45,2025-11-07,99.4
ESSENTIALS2,VOICE,46,2025-11-14,99.4
ESSENTIALS2,VOICE,47,2025-11-21,99.4
ESSENTIALS2,VOICE,48,2025-11-28,99.4
ESSENTIALS2,VOICE,49,2025-12-05,99.4
ESSENTIALS2,VOICE,50,2025-12-12,99.4
ESSENTIALS2,VOICE,51,2025-12-19,99.4
ESSENTIALS2,VOICE,52,2025-12-26,99.4
ESSENTIALS2,VOICE,1,2026-01-02,99.4
ESSENTIALS2,VOICE,2,2026-01-09,99.4
ESSENTIALS2,VOICE,3,2026-01-16,99.4
ESSENTIALS2,VOICE,4,2026-01-23,99.4
ESSENTIALS2,VOICE,5,2026-01-30,99.4
ESSENTIALS2,VOICE,6,2026-02-06,99.4
ESSENTIALS2,VOICE,7,2026-02-13,99.4
ESSENTIALS3,DATA,1,2025-01-03,99.4
ESSENTIALS3,DATA,2,2025-01-10,99.4
ESSENTIALS3,DATA,3,2025-01-17,99.4
ESSENTIALS3,DATA,4,2025-01-24,99.4
ESSENTIALS3,DATA,5,2025-01-31,99.4
ESSENTIALS3,DATA,6,2025-02-07,99.4
ESSENTIALS3,DATA,7,2025-02-14,99.4
ESSENTIALS3,DATA,8,2025-02-21,99.4
ESSENTIALS3,DATA,9,2025-02-28,99.4
ESSENTIALS3,DATA,10,2025-03-07,99.4
ESSENTIALS3,DATA,11,2025-03-14,99.4
ESSENTIALS3,DATA,12,2025-03-21,99.4
ESSENTIALS3,DATA,13,2025-03-28,99.4
ESSENTIALS3,DATA,14,2025-04-04,99.4
ESSENTIALS3,DATA,15,2025-04-11,99.4
ESSENTIALS3,DATA,16,2025-04-18,99.4
ESSENTIALS3,DATA,17,2025-04-25,99.4
ESSENTIALS3,DATA,18,2025-05-02,99.4
ESSENTIALS3,DATA,19,2025-05-09,99.4
ESSENTIALS3,DATA,20,2025-05-16,99.4
ESSENTIALS3,DATA,21,2025-05-23,99.4
ESSENTIALS3,DATA,22,2025-05-30,99.4
ESSENTIALS3,DATA,23,2025-06-06,99.4
ESSENTIALS3,DATA,24,2025-06-13,99.4
ESSENTIALS3,DATA,25,2025-06-20,99.4
ESSENTIALS3,DATA,26,2025-06-27,99.4
ESSENTIALS3,DATA,27,2025-07-04,99.42
ESSENTIALS3,DATA,28,2025-07-11,99.4
ESSENTIALS3,DATA,29,2025-07-18,99.4
ESSENTIALS3,DATA,30,2025-07-25,99.4
ESSENTIALS3,DATA,31,2025-08-01,99.4
ESSENTIALS3,DATA,32,2025-08-08,99.4
ESSENTIALS3,DATA,33,2025-08-15,99.4
ESSENTIALS3,DATA,34,2025-08-22,99.4
ESSENTIALS3,DATA,35,2025-08-29,99.4
ESSENTIALS3,DATA,36,2025-09-05,99.4
ESSENTIALS3,DATA,37,2025-09-12,99.4
ESSENTIALS3,DATA,38,2025-09-19,99.4
ESSENTIALS3,DATA,39,2025-09-26,99.4
ESSENTIALS3,DATA,40,2025-10-03,99.4
ESSENTIALS3,DATA,41,2025-10-10,99.4
ESSENTIALS3,DATA,42,2025-10-17,99.4
ESSENTIALS3,DATA,43,2025-10-24,99.4
ESSENTIALS3,DATA,44,2025-10-31,99.4
ESSENTIALS3,DATA,45,2025-11-07,99.4
ESSENTIALS3,DATA,46,2025-11-14,99.4
ESSENTIALS3,DATA,47,2025-11-21,99.4
ESSENTIALS3,DATA,48,2025-11-28,99.4
ESSENTIALS3,DATA,49,2025-12-05,99.4
ESSENTIALS3,DATA,50,2025-12-12,99.4
ESSENTIALS3,DATA,51,2025-12-19,99.4
ESSENTIALS3,DATA,52,2025-12-26,99.4
ESSENTIALS3,DATA,1,2026-01-02,99.4
ESSENTIALS3,DATA,2,2026-01-09,99.4
ESSENTIALS3,DATA,3,2026-01-16,99.4
ESSENTIALS3,DATA,4,2026-01-23,99.4
ESSENTIALS3,DATA,5,2026-01-30,99.4
ESSENTIALS3,DATA,6,2026-02-06,99.4
ESSENTIALS3,DATA,7,2026-02-13,99.4
ESSENTIALS3,SMS,1,2025-01-03,99.4
ESSENTIALS3,SMS,2,2025-01-10,99.4
ESSENTIALS3,SMS,3,2025-01-17,99.4
ESSENTIALS3,SMS,4,2025-01-24,99.4
ESSENTIALS3,SMS,5,2025-01-31,99.4
ESSENTIALS3,SMS,6,2025-02-07,99.4
ESSENTIALS3,SMS,7,2025-02-14,99.4
ESSENTIALS3,SMS,8,2025-02-21,99.4
ESSENTIALS3,SMS,9,2025-02-28,99.4
ESSENTIALS3,SMS,10,2025-03-07,99.4
ESSENTIALS3,SMS,11,2025-03-14,99.4
ESSENTIALS3,SMS,12,2025-03-21,99.4
ESSENTIALS3,SMS,13,2025-03-28,99.4
ESSENTIALS3,SMS,14,2025-04-04,99.4
ESSENTIALS3,SMS,15,2025-04-11,99.4
ESSENTIALS3,SMS,16,2025-04-18,99.4
ESSENTIALS3,SMS,17,2025-04-25,99.4
ESSENTIALS3,SMS,18,2025-05-02,99.4
ESSENTIALS3,SMS,19,2025-05-09,99.4
ESSENTIALS3,SMS,20,2025-05-16,99.4
ESSENTIALS3,SMS,21,2025-05-23,99.4
ESSENTIALS3,SMS,22,2025-05-30,99.4
ESSENTIALS3,SMS,23,2025-06-06,99.4
ESSENTIALS3,SMS,24,2025-06-13,99.4
ESSENTIALS3,SMS,25,2025-06-20,99.4
ESSENTIALS3,SMS,26,2025-06-27,99.4
ESSENTIALS3,SMS,27,2025-07-04,99.42
ESSENTIALS3,SMS,28,2025-07-11,99.4
ESSENTIALS3,SMS,29,2025-07-18,99.4
ESSENTIALS3,SMS,30,2025-07-25,99.4
ESSENTIALS3,SMS,31,2025-08-01,99.4
ESSENTIALS3,SMS,32,2025-08-08,99.4
ESSENTIALS3,SMS,33,2025-08-15,99.4
ESSENTIALS3,SMS,34,2025-08-22,99.4
ESSENTIALS3,SMS,35,2025-08-29,99.4
ESSENTIALS3,SMS,36,2025-09-05,99.4
ESSENTIALS3,SMS,37,2025-09-12,99.4
ESSENTIALS3,SMS,38,2025-09-19,99.4
ESSENTIALS3,SMS,39,2025-09-26,99.4
ESSENTIALS3,SMS,40,2025-10-03,99.4
ESSENTIALS3,SMS,41,2025-10-10,99.4
ESSENTIALS3,SMS,42,2025-10-17,99.4
ESSENTIALS3,SMS,43,2025-10-24,99.4
ESSENTIALS3,SMS,44,2025-10-31,99.4
ESSENTIALS3,SMS,45,2025-11-07,99.4
ESSENTIALS3,SMS,46,2025-11-14,99.4
ESSENTIALS3,SMS,47,2025-11-21,99.4
ESSENTIALS3,SMS,48,2025-11-28,99.4
ESSENTIALS3,SMS,49,2025-12-05,99.4
ESSENTIALS3,SMS,50,2025-12-12,99.4
ESSENTIALS3,SMS,51,2025-12-19,99.4
ESSENTIALS3,SMS,52,2025-12-26,99.4
ESSENTIALS3,SMS,1,2026-01-02,99.4
ESSENTIALS3,SMS,2,2026-01-09,99.4
ESSENTIALS3,SMS,3,2026-01-16,99.4
ESSENTIALS3,SMS,4,2026-01-23,99.4
ESSENTIALS3,SMS,5,2026-01-30,99.4
ESSENTIALS3,SMS,6,2026-02-06,99.4
ESSENTIALS3,SMS,7,2026-02-13,99.4
ESSENTIALS3,VOICE,1,2025-01-03,99.4
ESSENTIALS3,VOICE,2,2025-01-10,99.4
ESSENTIALS3,VOICE,3,2025-01-17,99.4
ESSENTIALS3,VOICE,4,2025-01-24,99.4
ESSENTIALS3,VOICE,5,2025-01-31,99.4
ESSENTIALS3,VOICE,6,2025-02-07,99.4
ESSENTIALS3,VOICE,7,2025-02-14,99.4
ESSENTIALS3,VOICE,8,2025-02-21,99.4
ESSENTIALS3,VOICE,9,2025-02-28,99.4
ESSENTIALS3,VOICE,10,2025-03-07,99.4
ESSENTIALS3,VOICE,11,2025-03-14,99.4
ESSENTIALS3,VOICE,12,2025-03-21,99.4
ESSENTIALS3,VOICE,13,2025-03-28,99.4
ESSENTIALS3,VOICE,14,2025-04-04,99.4
ESSENTIALS3,VOICE,15,2025-04-11,99.4
ESSENTIALS3,VOICE,16,2025-04-18,99.4
ESSENTIALS3,VOICE,17,2025-04-25,99.4
ESSENTIALS3,VOICE,18,2025-05-02,99.4
ESSENTIALS3,VOICE,19,2025-05-09,99.4
ESSENTIALS3,VOICE,20,2025-05-16,99.4
ESSENTIALS3,VOICE,21,2025-05-23,99.4
ESSENTIALS3,VOICE,22,2025-05-30,99.4
ESSENTIALS3,VOICE,23,2025-06-06,99.4
ESSENTIALS3,VOICE,24,2025-06-13,99.4
ESSENTIALS3,VOICE,25,2025-06-20,99.4
ESSENTIALS3,VOICE,26,2025-06-27,99.4
ESSENTIALS3,VOICE,27,2025-07-04,99.42
ESSENTIALS3,VOICE,28,2025-07-11,99.4
ESSENTIALS3,VOICE,29,2025-07-18,99.4
ESSENTIALS3,VOICE,30,2025-07-25,99.4
ESSENTIALS3,VOICE,31,2025-08-01,99.4
ESSENTIALS3,VOICE,32,2025-08-08,99.4
ESSENTIALS3,VOICE,33,2025-08-15,99.4
ESSENTIALS3,VOICE,34,2025-08-22,99.4
ESSENTIALS3,VOICE,35,2025-08-29,99.4
ESSENTIALS3,VOICE,36,2025-09-05,99.4
ESSENTIALS3,VOICE,37,2025-09-12,99.4
ESSENTIALS3,VOICE,38,2025-09-19,99.4
ESSENTIALS3,VOICE,39,2025-09-26,99.4
ESSENTIALS3,VOICE,40,2025-10-03,99.4
ESSENTIALS3,VOICE,41,2025-10-10,99.4
ESSENTIALS3,VOICE,42,2025-10-17,99.4
ESSENTIALS3,VOICE,43,2025-10-24,99.4
ESSENTIALS3,VOICE,44,2025-10-31,99.4
ESSENTIALS3,VOICE,45,2025-11-07,99.4
ESSENTIALS3,VOICE,46,2025-11-14,99.4
ESSENTIALS3,VOICE,47,2025-11-21,99.4
ESSENTIALS3,VOICE,48,2025-11-28,99.4
ESSENTIALS3,VOICE,49,2025-12-05,99.4
ESSENTIALS3,VOICE,50,2025-12-12,99.4
ESSENTIALS3,VOICE,51,2025-12-19,99.4
ESSENTIALS3,VOICE,52,2025-12-26,99.4
ESSENTIALS3,VOICE,1,2026-01-02,99.4
ESSENTIALS3,VOICE,2,2026-01-09,99.4
ESSENTIALS3,VOICE,3,2026-01-16,99.4
ESSENTIALS3,VOICE,4,2026-01-23,99.4
ESSENTIALS3,VOICE,5,2026-01-30,99.4
ESSENTIALS3,VOICE,6,2026-02-06,99.4
ESSENTIALS3,VOICE,7,2026-02-13,99.4
ESSENTIALS4,DATA,1,2025-01-03,99.4
ESSENTIALS4,DATA,2,2025-01-10,99.4
ESSENTIALS4,DATA,3,2025-01-17,99.4
ESSENTIALS4,DATA,4,2025-01-24,99.4
ESSENTIALS4,DATA,5,2025-01-31,99.4
ESSENTIALS4,DATA,6,2025-02-07,99.4
ESSENTIALS4,DATA,7,2025-02-14,99.4
ESSENTIALS4,DATA,8,2025-02-21,99.4
ESSENTIALS4,DATA,9,2025-02-28,99.4
ESSENTIALS4,DATA,10,2025-03-07,99.4
ESSENTIALS4,DATA,11,2025-03-14,99.4
ESSENTIALS4,DATA,12,2025-03-21,99.4
ESSENTIALS4,DATA,13,2025-03-28,99.4
ESSENTIALS4,DATA,14,2025-04-04,99.4
ESSENTIALS4,DATA,15,2025-04-11,99.4
ESSENTIALS4,DATA,16,2025-04-18,99.4
ESSENTIALS4,DATA,17,2025-04-25,99.4
ESSENTIALS4,DATA,18,2025-05-02,99.4
ESSENTIALS4,DATA,19,2025-05-09,99.4
ESSENTIALS4,DATA,20,2025-05-16,99.4
ESSENTIALS4,DATA,21,2025-05-23,99.4
ESSENTIALS4,DATA,22,2025-05-30,99.4
ESSENTIALS4,DATA,23,2025-06-06,99.4
ESSENTIALS4,DATA,24,2025-06-13,99.4
ESSENTIALS4,DATA,25,2025-06-20,99.4
ESSENTIALS4,DATA,26,2025-06-27,99.4
ESSENTIALS4,DATA,27,2025-07-04,99.42
ESSENTIALS4,DATA,28,2025-07-11,99.4
ESSENTIALS4,DATA,29,2025-07-18,99.4
ESSENTIALS4,DATA,30,2025-07-25,99.4
ESSENTIALS4,DATA,31,2025-08-01,99.4
ESSENTIALS4,DATA,32,2025-08-08,99.4
ESSENTIALS4,DATA,33,2025-08-15,99.4
ESSENTIALS4,DATA,34,2025-08-22,99.4
ESSENTIALS4,DATA,35,2025-08-29,99.4
ESSENTIALS4,DATA,36,2025-09-05,99.4
ESSENTIALS4,DATA,37,2025-09-12,99.4
ESSENTIALS4,DATA,38,2025-09-19,99.4
ESSENTIALS4,DATA,39,2025-09-26,99.4
ESSENTIALS4,DATA,40,2025-10-03,99.4
ESSENTIALS4,DATA,41,2025-10-10,99.4
ESSENTIALS4,DATA,42,2025-10-17,99.4
ESSENTIALS4,DATA,43,2025-10-24,99.4
ESSENTIALS4,DATA,44,2025-10-31,99.4
ESSENTIALS4,DATA,45,2025-11-07,99.4
ESSENTIALS4,DATA,46,2025-11-14,99.4
ESSENTIALS4,DATA,47,2025-11-21,99.4
ESSENTIALS4,DATA,48,2025-11-28,99.4
ESSENTIALS4,DATA,49,2025-12-05,99.4
ESSENTIALS4,DATA,50,2025-12-12,99.4
ESSENTIALS4,DATA,51,2025-12-19,99.4
ESSENTIALS4,DATA,52,2025-12-26,99.4
ESSENTIALS4,DATA,1,2026-01-02,99.4
ESSENTIALS4,DATA,2,2026-01-09,99.4
ESSENTIALS4,DATA,3,2026-01-16,99.4
ESSENTIALS4,DATA,4,2026-01-23,99.4
ESSENTIALS4,DATA,5,2026-01-30,99.4
ESSENTIALS4,DATA,6,2026-02-06,99.4
ESSENTIALS4,DATA,7,2026-02-13,99.4
ESSENTIALS5,DATA,1,2025-01-03,99.4
ESSENTIALS5,DATA,2,2025-01-10,99.4
ESSENTIALS5,DATA,3,2025-01-17,99.4
ESSENTIALS5,DATA,4,2025-01-24,99.4
ESSENTIALS5,DATA,5,2025-01-31,99.4
ESSENTIALS5,DATA,6,2025-02-07,99.4
ESSENTIALS5,DATA,7,2025-02-14,99.4
ESSENTIALS5,DATA,8,2025-02-21,99.4
ESSENTIALS5,DATA,9,2025-02-28,99.4
ESSENTIALS5,DATA,10,2025-03-07,99.4
ESSENTIALS5,DATA,11,2025-03-14,99.4
ESSENTIALS5,DATA,12,2025-03-21,99.4
ESSENTIALS5,DATA,13,2025-03-28,99.4
ESSENTIALS5,DATA,14,2025-04-04,99.4
ESSENTIALS5,DATA,15,2025-04-11,99.4
ESSENTIALS5,DATA,16,2025-04-18,99.4
ESSENTIALS5,DATA,17,2025-04-25,99.4
ESSENTIALS5,DATA,18,2025-05-02,99.4
ESSENTIALS5,DATA,19,2025-05-09,99.4
ESSENTIALS5,DATA,20,2025-05-16,99.4
ESSENTIALS5,DATA,21,2025-05-23,99.4
ESSENTIALS5,DATA,22,2025-05-30,99.4
ESSENTIALS5,DATA,23,2025-06-06,99.4
ESSENTIALS5,DATA,24,2025-06-13,99.41
ESSENTIALS5,DATA,25,2025-06-20,99.4
ESSENTIALS5,DATA,26,2025-06-27,99.41
ESSENTIALS5,DATA,27,2025-07-04,99.42
ESSENTIALS5,DATA,28,2025-07-11,99.4
ESSENTIALS5,DATA,29,2025-07-18,99.4
ESSENTIALS5,DATA,30,2025-07-25,99.4
ESSENTIALS5,DATA,31,2025-08-01,99.4
ESSENTIALS5,DATA,32,2025-08-08,99.4
ESSENTIALS5,DATA,33,2025-08-15,99.4
ESSENTIALS5,DATA,34,2025-08-22,99.4
ESSENTIALS5,DATA,35,2025-08-29,99.4
ESSENTIALS5,DATA,36,2025-09-05,99.4
ESSENTIALS5,DATA,37,2025-09-12,99.4
ESSENTIALS5,DATA,38,2025-09-19,99.4
ESSENTIALS5,DATA,39,2025-09-26,99.4
ESSENTIALS5,DATA,40,2025-10-03,99.4
ESSENTIALS5,DATA,41,2025-10-10,99.4
ESSENTIALS5,DATA,42,2025-10-17,99.4
ESSENTIALS5,DATA,43,2025-10-24,99.4
ESSENTIALS5,DATA,44,2025-10-31,99.4
ESSENTIALS5,DATA,45,2025-11-07,99.4
ESSENTIALS5,DATA,46,2025-11-14,99.4
ESSENTIALS5,DATA,47,2025-11-21,99.4
ESSENTIALS5,DATA,48,2025-11-28,99.4
ESSENTIALS5,DATA,49,2025-12-05,99.4
ESSENTIALS5,DATA,50,2025-12-12,99.4
ESSENTIALS5,DATA,51,2025-12-19,99.4
ESSENTIALS5,DATA,52,2025-12-26,99.4
ESSENTIALS5,DATA,1,2026-01-02,99.4
ESSENTIALS5,DATA,2,2026-01-09,99.4
ESSENTIALS5,DATA,3,2026-01-16,99.4
ESSENTIALS5,DATA,4,2026-01-23,99.4
ESSENTIALS5,DATA,5,2026-01-30,99.4
ESSENTIALS5,DATA,6,2026-02-06,99.4
ESSENTIALS5,DATA,7,2026-02-13,99.4
ESSENTIALS5,SMS,1,2025-01-03,99.4
ESSENTIALS5,SMS,2,2025-01-10,99.4
ESSENTIALS5,SMS,3,2025-01-17,99.4
ESSENTIALS5,SMS,4,2025-01-24,99.4
ESSENTIALS5,SMS,5,2025-01-31,99.4
ESSENTIALS5,SMS,6,2025-02-07,99.4
ESSENTIALS5,SMS,7,2025-02-14,99.4
ESSENTIALS5,SMS,8,2025-02-21,99.4
ESSENTIALS5,SMS,9,2025-02-28,99.4
ESSENTIALS5,SMS,10,2025-03-07,99.4
ESSENTIALS5,SMS,11,2025-03-14,99.4
ESSENTIALS5,SMS,12,2025-03-21,99.4
ESSENTIALS5,SMS,13,2025-03-28,99.4
ESSENTIALS5,SMS,14,2025-04-04,99.4
ESSENTIALS5,SMS,15,2025-04-11,99.4
ESSENTIALS5,SMS,16,2025-04-18,99.4
ESSENTIALS5,SMS,17,2025-04-25,99.4
ESSENTIALS5,SMS,18,2025-05-02,99.4
ESSENTIALS5,SMS,19,2025-05-09,99.4
ESSENTIALS5,SMS,20,2025-05-16,99.4
ESSENTIALS5,SMS,21,2025-05-23,99.4
ESSENTIALS5,SMS,22,2025-05-30,99.4
ESSENTIALS5,SMS,23,2025-06-06,99.4
ESSENTIALS5,SMS,24,2025-06-13,99.41
ESSENTIALS5,SMS,25,2025-06-20,99.4
ESSENTIALS5,SMS,26,2025-06-27,99.4
ESSENTIALS5,SMS,27,2025-07-04,99.42
ESSENTIALS5,SMS,28,2025-07-11,99.4
ESSENTIALS5,SMS,29,2025-07-18,99.4
ESSENTIALS5,SMS,30,2025-07-25,99.4
ESSENTIALS5,SMS,31,2025-08-01,99.4
ESSENTIALS5,SMS,32,2025-08-08,99.4
ESSENTIALS5,SMS,33,2025-08-15,99.4
ESSENTIALS5,SMS,34,2025-08-22,99.4
ESSENTIALS5,SMS,35,2025-08-29,99.4
ESSENTIALS5,SMS,36,2025-09-05,99.4
ESSENTIALS5,SMS,37,2025-09-12,99.4
ESSENTIALS5,SMS,38,2025-09-19,99.4
ESSENTIALS5,SMS,39,2025-09-26,99.4
ESSENTIALS5,SMS,40,2025-10-03,99.4
ESSENTIALS5,SMS,41,2025-10-10,99.4
ESSENTIALS5,SMS,42,2025-10-17,99.4
ESSENTIALS5,SMS,43,2025-10-24,99.4
ESSENTIALS5,SMS,44,2025-10-31,99.4
ESSENTIALS5,SMS,45,2025-11-07,99.4
ESSENTIALS5,SMS,46,2025-11-14,99.4
ESSENTIALS5,SMS,47,2025-11-21,99.4
ESSENTIALS5,SMS,48,2025-11-28,99.4
ESSENTIALS5,SMS,49,2025-12-05,99.4
ESSENTIALS5,SMS,50,2025-12-12,99.4
ESSENTIALS5,SMS,51,2025-12-19,99.4
ESSENTIALS5,SMS,52,2025-12-26,99.4
ESSENTIALS5,SMS,1,2026-01-02,99.4
ESSENTIALS5,SMS,2,2026-01-09,99.4
ESSENTIALS5,SMS,3,2026-01-16,99.4
ESSENTIALS5,SMS,4,2026-01-23,99.4
ESSENTIALS5,SMS,5,2026-01-30,99.4
ESSENTIALS5,SMS,6,2026-02-06,99.4
ESSENTIALS5,SMS,7,2026-02-13,99.4
ESSENTIALS5,VOICE,1,2025-01-03,99.4
ESSENTIALS5,VOICE,2,2025-01-10,99.4
ESSENTIALS5,VOICE,3,2025-01-17,99.4
ESSENTIALS5,VOICE,4,2025-01-24,99.4
ESSENTIALS5,VOICE,5,2025-01-31,99.4
ESSENTIALS5,VOICE,6,2025-02-07,99.4
ESSENTIALS5,VOICE,7,2025-02-14,99.4
ESSENTIALS5,VOICE,8,2025-02-21,99.4
ESSENTIALS5,VOICE,9,2025-02-28,99.4
ESSENTIALS5,VOICE,10,2025-03-07,99.4
ESSENTIALS5,VOICE,11,2025-03-14,99.4
ESSENTIALS5,VOICE,12,2025-03-21,99.4
ESSENTIALS5,VOICE,13,2025-03-28,99.4
ESSENTIALS5,VOICE,14,2025-04-04,99.4
ESSENTIALS5,VOICE,15,2025-04-11,99.4
ESSENTIALS5,VOICE,16,2025-04-18,99.4
ESSENTIALS5,VOICE,17,2025-04-25,99.4
ESSENTIALS5,VOICE,18,2025-05-02,99.4
ESSENTIALS5,VOICE,19,2025-05-09,99.4
ESSENTIALS5,VOICE,20,2025-05-16,99.4
ESSENTIALS5,VOICE,21,2025-05-23,99.4
ESSENTIALS5,VOICE,22,2025-05-30,99.4
ESSENTIALS5,VOICE,23,2025-06-06,99.4
ESSENTIALS5,VOICE,24,2025-06-13,99.41
ESSENTIALS5,VOICE,25,2025-06-20,99.4
ESSENTIALS5,VOICE,26,2025-06-27,99.4
ESSENTIALS5,VOICE,27,2025-07-04,99.42
ESSENTIALS5,VOICE,28,2025-07-11,99.4
ESSENTIALS5,VOICE,29,2025-07-18,99.4
ESSENTIALS5,VOICE,30,2025-07-25,99.4
ESSENTIALS5,VOICE,31,2025-08-01,99.4
ESSENTIALS5,VOICE,32,2025-08-08,99.4
ESSENTIALS5,VOICE,33,2025-08-15,99.4
ESSENTIALS5,VOICE,34,2025-08-22,99.4
ESSENTIALS5,VOICE,35,2025-08-29,99.4
ESSENTIALS5,VOICE,36,2025-09-05,99.4
ESSENTIALS5,VOICE,37,2025-09-12,99.4
ESSENTIALS5,VOICE,38,2025-09-19,99.4
ESSENTIALS5,VOICE,39,2025-09-26,99.4
ESSENTIALS5,VOICE,40,2025-10-03,99.4
ESSENTIALS5,VOICE,41,2025-10-10,99.4
ESSENTIALS5,VOICE,42,2025-10-17,99.4
ESSENTIALS5,VOICE,43,2025-10-24,99.4
ESSENTIALS5,VOICE,44,2025-10-31,99.4
ESSENTIALS5,VOICE,45,2025-11-07,99.4
ESSENTIALS5,VOICE,46,2025-11-14,99.4
ESSENTIALS5,VOICE,47,2025-11-21,99.4
ESSENTIALS5,VOICE,48,2025-11-28,99.4
ESSENTIALS5,VOICE,49,2025-12-05,99.4
ESSENTIALS5,VOICE,50,2025-12-12,99.4
ESSENTIALS5,VOICE,51,2025-12-19,99.4
ESSENTIALS5,VOICE,52,2025-12-26,99.4
ESSENTIALS5,VOICE,1,2026-01-02,99.4
ESSENTIALS5,VOICE,2,2026-01-09,99.4
ESSENTIALS5,VOICE,3,2026-01-16,99.4
ESSENTIALS5,VOICE,4,2026-01-23,99.4
ESSENTIALS5,VOICE,5,2026-01-30,99.4
ESSENTIALS5,VOICE,6,2026-02-06,99.4
ESSENTIALS5,VOICE,7,2026-02-13,99.4
